Skeleton: skeleton://Vanilla/entities/human/human.ske
frames: 48
delay: 0.041667
bones_data:
    Torso:
        150: 1.000000, -0.000000, -0.000000, 0.000000, 0.000000, 0.984808, 0.173648, 0.012154, -0.000000, -0.173648, 0.984808, 0.138919, 0.000000, 0.000000, 0.000000, 1.000000  
        151: 0.999999, 0.000233, -0.001321, -0.000186, 0.000000, 0.984808, 0.173648, 0.012154, 0.001341, -0.173648, 0.984807, 0.138918, 0.000000, 0.000000, 0.000000, 1.000000  
        152: 0.999985, 0.000936, -0.005307, -0.000749, 0.000000, 0.984808, 0.173648, 0.012154, 0.005389, -0.173646, 0.984793, 0.138917, 0.000000, 0.000000, 0.000000, 1.000000  
        153: 0.999927, 0.002095, -0.011882, -0.001676, 0.000000, 0.984808, 0.173648, 0.012154, 0.012065, -0.173636, 0.984736, 0.138908, 0.000000, 0.000000, 0.000000, 1.000000  
        154: 0.999778, 0.003660, -0.020755, -0.002928, 0.000000, 0.984808, 0.173648, 0.012154, 0.021075, -0.173610, 0.984589, 0.138888, 0.000000, 0.000000, 0.000000, 1.000000  
        155: 0.999492, 0.005533, -0.031380, -0.004426, 0.000000, 0.984808, 0.173648, 0.012154, 0.031864, -0.173560, 0.984308, 0.138848, 0.000000, 0.000000, 0.000000, 1.000000  
        156: 0.999048, 0.007574, -0.042957, -0.006059, 0.000000, 0.984808, 0.173648, 0.012154, 0.043619, -0.173483, 0.983870, 0.138786, 0.000000, 0.000000, 0.000000, 1.000000  
        157: 0.998466, 0.009615, -0.054527, -0.007692, 0.000000, 0.984808, 0.173648, 0.012154, 0.055369, -0.173382, 0.983297, 0.138705, 0.000000, 0.000000, 0.000000, 1.000000  
        158: 0.997810, 0.011485, -0.065136, -0.009188, 0.000000, 0.984808, 0.173648, 0.012154, 0.066141, -0.173268, 0.982651, 0.138614, 0.000000, 0.000000, 0.000000, 1.000000  
        159: 0.997174, 0.013046, -0.073989, -0.010437, 0.000000, 0.984808, 0.173648, 0.012154, 0.075130, -0.173157, 0.982024, 0.138526, 0.000000, 0.000000, 0.000000, 1.000000  
        160: 0.996650, 0.014202, -0.080543, -0.011361, 0.000000, 0.984808, 0.173648, 0.012154, 0.081786, -0.173066, 0.981509, 0.138453, 0.000000, 0.000000, 0.000000, 1.000000  
        161: 0.996311, 0.014902, -0.084516, -0.011922, 0.000000, 0.984808, 0.173648, 0.012154, 0.085820, -0.173008, 0.981174, 0.138406, 0.000000, 0.000000, 0.000000, 1.000000  
        162: 0.996195, 0.015134, -0.085832, -0.012107, 0.000000, 0.984808, 0.173648, 0.012154, 0.087156, -0.172987, 0.981060, 0.138390, 0.000000, 0.000000, 0.000000, 1.000000  
        163: 0.996267, 0.014990, -0.085016, -0.011992, 0.000000, 0.984808, 0.173648, 0.012154, 0.086327, -0.173000, 0.981131, 0.138400, 0.000000, 0.000000, 0.000000, 1.000000  
        164: 0.996486, 0.014545, -0.082491, -0.011636, 0.000000, 0.984808, 0.173648, 0.012154, 0.083763, -0.173038, 0.981347, 0.138430, 0.000000, 0.000000, 0.000000, 1.000000  
        165: 0.996844, 0.013786, -0.078184, -0.011029, 0.000000, 0.984808, 0.173648, 0.012154, 0.079390, -0.173100, 0.981699, 0.138480, 0.000000, 0.000000, 0.000000, 1.000000  
        166: 0.997315, 0.012716, -0.072120, -0.010173, 0.000000, 0.984808, 0.173648, 0.012154, 0.073232, -0.173182, 0.982163, 0.138546, 0.000000, 0.000000, 0.000000, 1.000000  
        167: 0.997856, 0.011366, -0.064459, -0.009092, 0.000000, 0.984808, 0.173648, 0.012154, 0.065453, -0.173276, 0.982696, 0.138621, 0.000000, 0.000000, 0.000000, 1.000000  
        168: 0.998410, 0.009789, -0.055517, -0.007831, 0.000000, 0.984808, 0.173648, 0.012154, 0.056374, -0.173372, 0.983242, 0.138698, 0.000000, 0.000000, 0.000000, 1.000000  
        169: 0.998921, 0.008065, -0.045741, -0.006452, 0.000000, 0.984808, 0.173648, 0.012154, 0.046447, -0.173461, 0.983745, 0.138769, 0.000000, 0.000000, 0.000000, 1.000000  
        170: 0.999345, 0.006284, -0.035638, -0.005027, 0.000000, 0.984808, 0.173648, 0.012154, 0.036188, -0.173534, 0.984163, 0.138828, 0.000000, 0.000000, 0.000000, 1.000000  
        171: 0.999660, 0.004529, -0.025688, -0.003623, 0.000000, 0.984808, 0.173648, 0.012154, 0.026084, -0.173589, 0.984473, 0.138871, 0.000000, 0.000000, 0.000000, 1.000000  
        172: 0.999863, 0.002869, -0.016274, -0.002296, 0.000000, 0.984808, 0.173648, 0.012154, 0.016525, -0.173624, 0.984673, 0.138900, 0.000000, 0.000000, 0.000000, 1.000000  
        173: 0.999970, 0.001351, -0.007662, -0.001081, 0.000000, 0.984808, 0.173648, 0.012154, 0.007780, -0.173643, 0.984778, 0.138914, 0.000000, 0.000000, 0.000000, 1.000000  
        174: 1.000000, -0.000000, -0.000000, 0.000000, 0.000000, 0.984808, 0.173648, 0.012154, -0.000000, -0.173648, 0.984808, 0.138919, 0.000000, 0.000000, 0.000000, 1.000000  
        175: 0.999970, -0.001351, 0.007662, 0.001081, 0.000000, 0.984808, 0.173648, 0.012154, -0.007780, -0.173643, 0.984778, 0.138914, 0.000000, 0.000000, 0.000000, 1.000000  
        176: 0.999863, -0.002870, 0.016274, 0.002296, 0.000000, 0.984808, 0.173648, 0.012154, -0.016526, -0.173624, 0.984673, 0.138900, 0.000000, 0.000000, 0.000000, 1.000000  
        177: 0.999660, -0.004530, 0.025688, 0.003624, 0.000000, 0.984808, 0.173648, 0.012154, -0.026084, -0.173589, 0.984473, 0.138871, 0.000000, 0.000000, 0.000000, 1.000000  
        178: 0.999345, -0.006284, 0.035638, 0.005027, 0.000000, 0.984808, 0.173648, 0.012154, -0.036188, -0.173534, 0.984163, 0.138828, 0.000000, 0.000000, 0.000000, 1.000000  
        179: 0.998921, -0.008066, 0.045741, 0.006453, 0.000000, 0.984808, 0.173648, 0.012154, -0.046447, -0.173461, 0.983745, 0.138769, 0.000000, 0.000000, 0.000000, 1.000000  
        180: 0.998410, -0.009789, 0.055517, 0.007832, 0.000000, 0.984808, 0.173648, 0.012154, -0.056374, -0.173372, 0.983242, 0.138698, 0.000000, 0.000000, 0.000000, 1.000000  
        181: 0.997856, -0.011366, 0.064459, 0.009093, 0.000000, 0.984808, 0.173648, 0.012154, -0.065453, -0.173276, 0.982696, 0.138621, 0.000000, 0.000000, 0.000000, 1.000000  
        182: 0.997315, -0.012717, 0.072120, 0.010174, 0.000000, 0.984808, 0.173648, 0.012154, -0.073232, -0.173182, 0.982163, 0.138546, 0.000000, 0.000000, 0.000000, 1.000000  
        183: 0.996844, -0.013786, 0.078184, 0.011029, 0.000000, 0.984808, 0.173648, 0.012154, -0.079390, -0.173100, 0.981699, 0.138480, 0.000000, 0.000000, 0.000000, 1.000000  
        184: 0.996486, -0.014546, 0.082491, 0.011636, 0.000000, 0.984808, 0.173648, 0.012154, -0.083763, -0.173038, 0.981347, 0.138430, 0.000000, 0.000000, 0.000000, 1.000000  
        185: 0.996267, -0.014991, 0.085016, 0.011993, 0.000000, 0.984808, 0.173648, 0.012154, -0.086328, -0.173000, 0.981131, 0.138400, 0.000000, 0.000000, 0.000000, 1.000000  
        186: 0.996195, -0.015135, 0.085832, 0.012108, 0.000000, 0.984808, 0.173648, 0.012154, -0.087156, -0.172987, 0.981060, 0.138390, 0.000000, 0.000000, 0.000000, 1.000000  
        187: 0.996311, -0.014903, 0.084516, 0.011922, 0.000000, 0.984808, 0.173648, 0.012154, -0.085820, -0.173008, 0.981174, 0.138406, 0.000000, 0.000000, 0.000000, 1.000000  
        188: 0.996650, -0.014202, 0.080543, 0.011362, 0.000000, 0.984808, 0.173648, 0.012154, -0.081786, -0.173066, 0.981509, 0.138453, 0.000000, 0.000000, 0.000000, 1.000000  
        189: 0.997174, -0.013046, 0.073989, 0.010437, 0.000000, 0.984808, 0.173648, 0.012154, -0.075130, -0.173157, 0.982024, 0.138526, 0.000000, 0.000000, 0.000000, 1.000000  
        190: 0.997810, -0.011486, 0.065136, 0.009188, 0.000000, 0.984808, 0.173648, 0.012154, -0.066141, -0.173268, 0.982651, 0.138614, 0.000000, 0.000000, 0.000000, 1.000000  
        191: 0.998466, -0.009615, 0.054528, 0.007692, 0.000000, 0.984808, 0.173648, 0.012154, -0.055369, -0.173382, 0.983297, 0.138705, 0.000000, 0.000000, 0.000000, 1.000000  
        192: 0.999048, -0.007575, 0.042957, 0.006060, 0.000000, 0.984808, 0.173648, 0.012154, -0.043620, -0.173483, 0.983870, 0.138786, 0.000000, 0.000000, 0.000000, 1.000000  
        193: 0.999492, -0.005533, 0.031380, 0.004427, 0.000000, 0.984808, 0.173648, 0.012154, -0.031864, -0.173560, 0.984308, 0.138848, 0.000000, 0.000000, 0.000000, 1.000000  
        194: 0.999778, -0.003660, 0.020755, 0.002928, 0.000000, 0.984808, 0.173648, 0.012154, -0.021075, -0.173610, 0.984589, 0.138888, 0.000000, 0.000000, 0.000000, 1.000000  
        195: 0.999927, -0.002095, 0.011882, 0.001676, 0.000000, 0.984808, 0.173648, 0.012154, -0.012065, -0.173636, 0.984736, 0.138908, 0.000000, 0.000000, 0.000000, 1.000000  
        196: 0.999985, -0.000936, 0.005307, 0.000749, 0.000000, 0.984808, 0.173648, 0.012154, -0.005389, -0.173646, 0.984793, 0.138917, 0.000000, 0.000000, 0.000000, 1.000000  
        197: 0.999999, -0.000233, 0.001321, 0.000186, 0.000000, 0.984808, 0.173648, 0.012154, -0.001341, -0.173648, 0.984807, 0.138918, 0.000000, 0.000000, 0.000000, 1.000000  
    RightArm:
        150: 0.998462, -0.055427, -0.001133, 0.078212, 0.001130, -0.000070, 0.999999, 1.390531, -0.055427, -0.998463, -0.000007, 1.315830, 0.000000, 0.000000, 0.000000, 1.000000  
        151: 0.998347, -0.057450, 0.001888, 0.081231, -0.001867, 0.000406, 0.999998, 1.391063, -0.057451, -0.998348, 0.000298, 1.317016, 0.000000, 0.000000, 0.000000, 1.000000  
        152: 0.998304, -0.058055, 0.004436, 0.082511, -0.004346, 0.001666, 0.999989, 1.390291, -0.058062, -0.998312, 0.001411, 1.318830, 0.000000, 0.000000, 0.000000, 1.000000  
        153: 0.998340, -0.057235, 0.006459, 0.082021, -0.006259, 0.003686, 0.999974, 1.388228, -0.057258, -0.998354, 0.003322, 1.321243, 0.000000, 0.000000, 0.000000, 1.000000  
        154: 0.998450, -0.055082, 0.007919, 0.079842, -0.007580, 0.006377, 0.999951, 1.384989, -0.055130, -0.998461, 0.005949, 1.324162, 0.000000, 0.000000, 0.000000, 1.000000  
        155: 0.998618, -0.051816, 0.008807, 0.076212, -0.008322, 0.009573, 0.999920, 1.380812, -0.051896, -0.998611, 0.009128, 1.327423, 0.000000, 0.000000, 0.000000, 1.000000  
        156: 0.998815, -0.047788, 0.009163, 0.071542, -0.008549, 0.013033, 0.999879, 1.376058, -0.047902, -0.998773, 0.012609, 1.330801, 0.000000, 0.000000, 0.000000, 1.000000  
        157: 0.999014, -0.043448, 0.009087, 0.066377, -0.008377, 0.016476, 0.999829, 1.371170, -0.043591, -0.998920, 0.016095, 1.334042, 0.000000, 0.000000, 0.000000, 1.000000  
        158: 0.999191, -0.039265, 0.008721, 0.061310, -0.007955, 0.019618, 0.999776, 1.366601, -0.039427, -0.999036, 0.019290, 1.336917, 0.000000, 0.000000, 0.000000, 1.000000  
        159: 0.999330, -0.035649, 0.008228, 0.056874, -0.007438, 0.022232, 0.999725, 1.362736, -0.035823, -0.999117, 0.021952, 1.339251, 0.000000, 0.000000, 0.000000, 1.000000  
        160: 0.999429, -0.032903, 0.007757, 0.053474, -0.006964, 0.024161, 0.999684, 1.359844, -0.033080, -0.999166, 0.023918, 1.340940, 0.000000, 0.000000, 0.000000, 1.000000  
        161: 0.999485, -0.031207, 0.007423, 0.051361, -0.006634, 0.025328, 0.999657, 1.358079, -0.031384, -0.999192, 0.025108, 1.341946, 0.000000, 0.000000, 0.000000, 1.000000  
        162: 0.999504, -0.030637, 0.007302, 0.050649, -0.006514, 0.025714, 0.999648, 1.357491, -0.030814, -0.999200, 0.025502, 1.342275, 0.000000, 0.000000, 0.000000, 1.000000  
        163: 0.999507, -0.030582, 0.007113, 0.050513, -0.006329, 0.025631, 0.999651, 1.357533, -0.030753, -0.999204, 0.025425, 1.341917, 0.000000, 0.000000, 0.000000, 1.000000  
        164: 0.999514, -0.030470, 0.006552, 0.050173, -0.005780, 0.025341, 0.999662, 1.357719, -0.030625, -0.999215, 0.025153, 1.340833, 0.000000, 0.000000, 0.000000, 1.000000  
        165: 0.999522, -0.030408, 0.005648, 0.049771, -0.004895, 0.024778, 0.999681, 1.358154, -0.030538, -0.999231, 0.024617, 1.339034, 0.000000, 0.000000, 0.000000, 1.000000  
        166: 0.999524, -0.030541, 0.004463, 0.049503, -0.003735, 0.023865, 0.999708, 1.358967, -0.030638, -0.999249, 0.023740, 1.336587, 0.000000, 0.000000, 0.000000, 1.000000  
        167: 0.999513, -0.031043, 0.003098, 0.049617, -0.002398, 0.022532, 0.999743, 1.360300, -0.031105, -0.999264, 0.022446, 1.333628, 0.000000, 0.000000, 0.000000, 1.000000  
        168: 0.999483, -0.032102, 0.001684, 0.050387, -0.001019, 0.020717, 0.999785, 1.362289, -0.032130, -0.999270, 0.020674, 1.330356, 0.000000, 0.000000, 0.000000, 1.000000  
        169: 0.999426, -0.033881, 0.000370, 0.052070, 0.000253, 0.018388, 0.999831, 1.365041, -0.033882, -0.999257, 0.018386, 1.327015, 0.000000, 0.000000, 0.000000, 1.000000  
        170: 0.999334, -0.036495, -0.000706, 0.054867, 0.001274, 0.015544, 0.999878, 1.368613, -0.036479, -0.999213, 0.015581, 1.323844, 0.000000, 0.000000, 0.000000, 1.000000  
        171: 0.999199, -0.039991, -0.001438, 0.058889, 0.001928, 0.012218, 0.999924, 1.373008, -0.039970, -0.999125, 0.012285, 1.321044, 0.000000, 0.000000, 0.000000, 1.000000  
        172: 0.999014, -0.044354, -0.001764, 0.064158, 0.002141, 0.008463, 0.999962, 1.378180, -0.044338, -0.998980, 0.008550, 1.318743, 0.000000, 0.000000, 0.000000, 1.000000  
        173: 0.998771, -0.049527, -0.001660, 0.070628, 0.001878, 0.004345, 0.999989, 1.384051, -0.049519, -0.998763, 0.004433, 1.317003, 0.000000, 0.000000, 0.000000, 1.000000  
        174: 0.998462, -0.055427, -0.001133, 0.078212, 0.001130, -0.000070, 0.999999, 1.390531, -0.055427, -0.998463, -0.000007, 1.315830, 0.000000, 0.000000, 0.000000, 1.000000  
        175: 0.998058, -0.062287, -0.000410, 0.087155, 0.000074, -0.005385, 0.999986, 1.398394, -0.062288, -0.998044, -0.005370, 1.314879, 0.000000, 0.000000, 0.000000, 1.000000  
        176: 0.997522, -0.070358, 0.000253, 0.097715, -0.001115, -0.012220, 0.999925, 1.408439, -0.070349, -0.997447, -0.012268, 1.313781, 0.000000, 0.000000, 0.000000, 1.000000  
        177: 0.996835, -0.079496, 0.000786, 0.109707, -0.002420, -0.020452, 0.999788, 1.420485, -0.079463, -0.996625, -0.020579, 1.312474, 0.000000, 0.000000, 0.000000, 1.000000  
        178: 0.995993, -0.089428, 0.001123, 0.122770, -0.003804, -0.029814, 0.999548, 1.434146, -0.089354, -0.995547, -0.030035, 1.310912, 0.000000, 0.000000, 0.000000, 1.000000  
        179: 0.995013, -0.099736, 0.001214, 0.136355, -0.005216, -0.039875, 0.999191, 1.448796, -0.099607, -0.994215, -0.040196, 1.309088, 0.000000, 0.000000, 0.000000, 1.000000  
        180: 0.993944, -0.109885, 0.001053, 0.149752, -0.006592, -0.050053, 0.998725, 1.463596, -0.109693, -0.992683, -0.050475, 1.307061, 0.000000, 0.000000, 0.000000, 1.000000  
        181: 0.992859, -0.119296, 0.000682, 0.162193, -0.007859, -0.059700, 0.998185, 1.477608, -0.119039, -0.991062, -0.060211, 1.304956, 0.000000, 0.000000, 0.000000, 1.000000  
        182: 0.991846, -0.127445, 0.000188, 0.172981, -0.008953, -0.068203, 0.997631, 1.489951, -0.127130, -0.989498, -0.068788, 1.302947, 0.000000, 0.000000, 0.000000, 1.000000  
        183: 0.990988, -0.133951, -0.000322, 0.181602, -0.009825, -0.075090, 0.997128, 1.499941, -0.133590, -0.988139, -0.075729, 1.301215, 0.000000, 0.000000, 0.000000, 1.000000  
        184: 0.990348, -0.138603, -0.000753, 0.187772, -0.010449, -0.080072, 0.996734, 1.507166, -0.138211, -0.987106, -0.080748, 1.299904, 0.000000, 0.000000, 0.000000, 1.000000  
        185: 0.989960, -0.141347, -0.001033, 0.191414, -0.010816, -0.083038, 0.996488, 1.511465, -0.140936, -0.986471, -0.083733, 1.299103, 0.000000, 0.000000, 0.000000, 1.000000  
        186: 0.989832, -0.142237, -0.001129, 0.192597, -0.010935, -0.084008, 0.996405, 1.512869, -0.141821, -0.986261, -0.084709, 1.298840, 0.000000, 0.000000, 0.000000, 1.000000  
        187: 0.990021, -0.140915, -0.001017, 0.190855, -0.010750, -0.082721, 0.996515, 1.510994, -0.140508, -0.986560, -0.083410, 1.299254, 0.000000, 0.000000, 0.000000, 1.000000  
        188: 0.990582, -0.136918, -0.000701, 0.185591, -0.010192, -0.078835, 0.996836, 1.505331, -0.136540, -0.987440, -0.079488, 1.300478, 0.000000, 0.000000, 0.000000, 1.000000  
        189: 0.991472, -0.130317, -0.000248, 0.176896, -0.009270, -0.072425, 0.997331, 1.495988, -0.129987, -0.988824, -0.073015, 1.302401, 0.000000, 0.000000, 0.000000, 1.000000  
        190: 0.992605, -0.121388, 0.000226, 0.165134, -0.008025, -0.063767, 0.997932, 1.483368, -0.121123, -0.990555, -0.064269, 1.304808, 0.000000, 0.000000, 0.000000, 1.000000  
        191: 0.993857, -0.110671, 0.000585, 0.151014, -0.006533, -0.053392, 0.998552, 1.468247, -0.110480, -0.992422, -0.053787, 1.307406, 0.000000, 0.000000, 0.000000, 1.000000  
        192: 0.995091, -0.098965, 0.000719, 0.135590, -0.004907, -0.042076, 0.999102, 1.451754, -0.098846, -0.994201, -0.042355, 1.309882, 0.000000, 0.000000, 0.000000, 1.000000  
        193: 0.996187, -0.087240, 0.000584, 0.120138, -0.003280, -0.030756, 0.999521, 1.435255, -0.087180, -0.995712, -0.030925, 1.311988, 0.000000, 0.000000, 0.000000, 1.000000  
        194: 0.997072, -0.076471, 0.000224, 0.105946, -0.001786, -0.020366, 0.999791, 1.420112, -0.076451, -0.996864, -0.020443, 1.313594, 0.000000, 0.000000, 0.000000, 1.000000  
        195: 0.997721, -0.067474, -0.000251, 0.094089, -0.000539, -0.011689, 0.999931, 1.407465, -0.067472, -0.997652, -0.011698, 1.314695, 0.000000, 0.000000, 0.000000, 1.000000  
        196: 0.998149, -0.060808, -0.000704, 0.085304, 0.000385, -0.005260, 0.999986, 1.398095, -0.060811, -0.998136, -0.005227, 1.315371, 0.000000, 0.000000, 0.000000, 1.000000  
        197: 0.998387, -0.056765, -0.001021, 0.079977, 0.000945, -0.001361, 0.999999, 1.392413, -0.056767, -0.998387, -0.001305, 1.315723, 0.000000, 0.000000, 0.000000, 1.000000  
    LeftArm:
        150: 0.996695, 0.081233, -0.001132, -0.115048, 0.001129, 0.000085, 0.999999, 1.391218, 0.081233, -0.996695, -0.000007, 1.323678, 0.000000, 0.000000, 0.000000, 1.000000  
        151: 0.996584, 0.082571, -0.001633, -0.116825, 0.002109, -0.005676, 0.999982, 1.399675, 0.082560, -0.996569, -0.005831, 1.323496, 0.000000, 0.000000, 0.000000, 1.000000  
        152: 0.996240, 0.086608, -0.002040, -0.122188, 0.002993, -0.010869, 0.999937, 1.407298, 0.086580, -0.996183, -0.011087, 1.322946, 0.000000, 0.000000, 0.000000, 1.000000  
        153: 0.995639, 0.093261, -0.002312, -0.131024, 0.003765, -0.015408, 0.999874, 1.413963, 0.093214, -0.995523, -0.015692, 1.322010, 0.000000, 0.000000, 0.000000, 1.000000  
        154: 0.994758, 0.102233, -0.002426, -0.142938, 0.004414, -0.019223, 0.999805, 1.419563, 0.102166, -0.994575, -0.019573, 1.320675, 0.000000, 0.000000, 0.000000, 1.000000  
        155: 0.993596, 0.112964, -0.002386, -0.157188, 0.004933, -0.022270, 0.999740, 1.424036, 0.112882, -0.993349, -0.022685, 1.318961, 0.000000, 0.000000, 0.000000, 1.000000  
        156: 0.992199, 0.124644, -0.002221, -0.172697, 0.005322, -0.024557, 0.999684, 1.427394, 0.124550, -0.991898, -0.025029, 1.316940, 0.000000, 0.000000, 0.000000, 1.000000  
        157: 0.990665, 0.136305, -0.001978, -0.188179, 0.005593, -0.026147, 0.999643, 1.429728, 0.136205, -0.990322, -0.026665, 1.314756, 0.000000, 0.000000, 0.000000, 1.000000  
        158: 0.989137, 0.146986, -0.001711, -0.202358, 0.005764, -0.027152, 0.999615, 1.431204, 0.146882, -0.988766, -0.027705, 1.312608, 0.000000, 0.000000, 0.000000, 1.000000  
        159: 0.987773, 0.155890, -0.001469, -0.214179, 0.005860, -0.027715, 0.999599, 1.432029, 0.155787, -0.987386, -0.028289, 1.310708, 0.000000, 0.000000, 0.000000, 1.000000  
        160: 0.986711, 0.162478, -0.001281, -0.222924, 0.005905, -0.027976, 0.999591, 1.432413, 0.162376, -0.986315, -0.028564, 1.309238, 0.000000, 0.000000, 0.000000, 1.000000  
        161: 0.986046, 0.166470, -0.001166, -0.228223, 0.005919, -0.028062, 0.999589, 1.432540, 0.166369, -0.985647, -0.028656, 1.308321, 0.000000, 0.000000, 0.000000, 1.000000  
        162: 0.985822, 0.167791, -0.001127, -0.229977, 0.005921, -0.028074, 0.999588, 1.432556, 0.167691, -0.985423, -0.028669, 1.308014, 0.000000, 0.000000, 0.000000, 1.000000  
        163: 0.985965, 0.166945, -0.001120, -0.228850, 0.005887, -0.028064, 0.999589, 1.432529, 0.166845, -0.985567, -0.028653, 1.308201, 0.000000, 0.000000, 0.000000, 1.000000  
        164: 0.986405, 0.164331, -0.001103, -0.225369, 0.005779, -0.027981, 0.999592, 1.432371, 0.164233, -0.986008, -0.028551, 1.308777, 0.000000, 0.000000, 0.000000, 1.000000  
        165: 0.987135, 0.159883, -0.001086, -0.219448, 0.005590, -0.027726, 0.999600, 1.431938, 0.159789, -0.986747, -0.028263, 1.309745, 0.000000, 0.000000, 0.000000, 1.000000  
        166: 0.988127, 0.153637, -0.001079, -0.211137, 0.005316, -0.027171, 0.999617, 1.431051, 0.153548, -0.987754, -0.027665, 1.311073, 0.000000, 0.000000, 0.000000, 1.000000  
        167: 0.989318, 0.145772, -0.001088, -0.200676, 0.004956, -0.026173, 0.999645, 1.429509, 0.145691, -0.988972, -0.026615, 1.312691, 0.000000, 0.000000, 0.000000, 1.000000  
        168: 0.990622, 0.136628, -0.001116, -0.188522, 0.004518, -0.024589, 0.999688, 1.427117, 0.136558, -0.990317, -0.024976, 1.314495, 0.000000, 0.000000, 0.000000, 1.000000  
        169: 0.991943, 0.126681, -0.001157, -0.175305, 0.004014, -0.022305, 0.999743, 1.423718, 0.126623, -0.991693, -0.022634, 1.316364, 0.000000, 0.000000, 0.000000, 1.000000  
        170: 0.993194, 0.116463, -0.001197, -0.161738, 0.003464, -0.019258, 0.999809, 1.419232, 0.116417, -0.993008, -0.019530, 1.318183, 0.000000, 0.000000, 0.000000, 1.000000  
        171: 0.994315, 0.106474, -0.001225, -0.148484, 0.002885, -0.015440, 0.999877, 1.413654, 0.106442, -0.994196, -0.015659, 1.319864, 0.000000, 0.000000, 0.000000, 1.000000  
        172: 0.995273, 0.097113, -0.001226, -0.136073, 0.002295, -0.010892, 0.999938, 1.407052, 0.097094, -0.995214, -0.011064, 1.321352, 0.000000, 0.000000, 0.000000, 1.000000  
        173: 0.996062, 0.088649, -0.001195, -0.124861, 0.001706, -0.005689, 0.999982, 1.399532, 0.088641, -0.996047, -0.005818, 1.322624, 0.000000, 0.000000, 0.000000, 1.000000  
        174: 0.996695, 0.081233, -0.001132, -0.115048, 0.001129, 0.000085, 0.999999, 1.391218, 0.081233, -0.996695, -0.000007, 1.323678, 0.000000, 0.000000, 0.000000, 1.000000  
        175: 0.997250, 0.074106, -0.001194, -0.105648, 0.000652, 0.007335, 0.999973, 1.380877, 0.074113, -0.997223, 0.007266, 1.324685, 0.000000, 0.000000, 0.000000, 1.000000  
        176: 0.997784, 0.066513, -0.001491, -0.095672, 0.000361, 0.016997, 0.999855, 1.367234, 0.066529, -0.997641, 0.016935, 1.325744, 0.000000, 0.000000, 0.000000, 1.000000  
        177: 0.998281, 0.058580, -0.001942, -0.085281, 0.000249, 0.028896, 0.999583, 1.350530, 0.058611, -0.997865, 0.028832, 1.326735, 0.000000, 0.000000, 0.000000, 1.000000  
        178: 0.998721, 0.050508, -0.002450, -0.074731, 0.000295, 0.042636, 0.999091, 1.331313, 0.050566, -0.997813, 0.042566, 1.327520, 0.000000, 0.000000, 0.000000, 1.000000  
        179: 0.999089, 0.042575, -0.002922, -0.064377, 0.000467, 0.057559, 0.998342, 1.310488, 0.042672, -0.997434, 0.057487, 1.327979, 0.000000, 0.000000, 0.000000, 1.000000  
        180: 0.999378, 0.035110, -0.003282, -0.054641, 0.000719, 0.072777, 0.997348, 1.289284, 0.035256, -0.996730, 0.072707, 1.328051, 0.000000, 0.000000, 0.000000, 1.000000  
        181: 0.999589, 0.028446, -0.003501, -0.045950, 0.001005, 0.087283, 0.996183, 1.269090, 0.028643, -0.995777, 0.087219, 1.327761, 0.000000, 0.000000, 0.000000, 1.000000  
        182: 0.999732, 0.022853, -0.003590, -0.038658, 0.001284, 0.100125, 0.994974, 1.251224, 0.023098, -0.994712, 0.100068, 1.327221, 0.000000, 0.000000, 0.000000, 1.000000  
        183: 0.999822, 0.018506, -0.003592, -0.032989, 0.001524, 0.110558, 0.993869, 1.236713, 0.018790, -0.993697, 0.110510, 1.326589, 0.000000, 0.000000, 0.000000, 1.000000  
        184: 0.999874, 0.015465, -0.003558, -0.029023, 0.001706, 0.118125, 0.992997, 1.226192, 0.015777, -0.992878, 0.118084, 1.326023, 0.000000, 0.000000, 0.000000, 1.000000  
        185: 0.999900, 0.013705, -0.003526, -0.026728, 0.001819, 0.122639, 0.992450, 1.219918, 0.014034, -0.992357, 0.122602, 1.325644, 0.000000, 0.000000, 0.000000, 1.000000  
        186: 0.999907, 0.013142, -0.003516, -0.025995, 0.001858, 0.124116, 0.992266, 1.217865, 0.013477, -0.992181, 0.124081, 1.325514, 0.000000, 0.000000, 0.000000, 1.000000  
        187: 0.999893, 0.014182, -0.003625, -0.027364, 0.001865, 0.122221, 0.992501, 1.220522, 0.014519, -0.992402, 0.122181, 1.325694, 0.000000, 0.000000, 0.000000, 1.000000  
        188: 0.999842, 0.017326, -0.003928, -0.031500, 0.001883, 0.116495, 0.993190, 1.228545, 0.017665, -0.993040, 0.116444, 1.326197, 0.000000, 0.000000, 0.000000, 1.000000  
        189: 0.999737, 0.022518, -0.004336, -0.038328, 0.001901, 0.107043, 0.994253, 1.241786, 0.022853, -0.993999, 0.106972, 1.326898, 0.000000, 0.000000, 0.000000, 1.000000  
        190: 0.999552, 0.029541, -0.004708, -0.047552, 0.001903, 0.094266, 0.995545, 1.259673, 0.029854, -0.995109, 0.094168, 1.327590, 0.000000, 0.000000, 0.000000, 1.000000  
        191: 0.999267, 0.037969, -0.004883, -0.058606, 0.001872, 0.078943, 0.996877, 1.281113, 0.038236, -0.996156, 0.078814, 1.328032, 0.000000, 0.000000, 0.000000, 1.000000  
        192: 0.998876, 0.047167, -0.004737, -0.070648, 0.001795, 0.062219, 0.998061, 1.304496, 0.047371, -0.996948, 0.062064, 1.328033, 0.000000, 0.000000, 0.000000, 1.000000  
        193: 0.998401, 0.056368, -0.004240, -0.082672, 0.001675, 0.045478, 0.998964, 1.327886, 0.056503, -0.997374, 0.045311, 1.327534, 0.000000, 0.000000, 0.000000, 1.000000  
        194: 0.997892, 0.064804, -0.003476, -0.093676, 0.001526, 0.030109, 0.999546, 1.349343, 0.064879, -0.997444, 0.029946, 1.326638, 0.000000, 0.000000, 0.000000, 1.000000  
        195: 0.997413, 0.071838, -0.002611, -0.102836, 0.001374, 0.017272, 0.999850, 1.367254, 0.071872, -0.997267, 0.017128, 1.325567, 0.000000, 0.000000, 0.000000, 1.000000  
        196: 0.997026, 0.077040, -0.001838, -0.109601, 0.001244, 0.007761, 0.999969, 1.380517, 0.077052, -0.996998, 0.007642, 1.324586, 0.000000, 0.000000, 0.000000, 1.000000  
        197: 0.996779, 0.080190, -0.001315, -0.113694, 0.001159, 0.001995, 0.999997, 1.388556, 0.080193, -0.996778, 0.001895, 1.323914, 0.000000, 0.000000, 0.000000, 1.000000  
    Head:
        150: 1.000000, 0.000000, -0.000000, -0.000001, -0.000000, 0.996195, 0.087156, -0.006065, 0.000000, -0.087156, 0.996195, 0.000531, 0.000000, 0.000000, 0.000000, 1.000000  
        151: 1.000000, 0.000047, 0.000002, 0.000111, -0.000047, 0.997585, 0.069458, -0.008289, 0.000001, -0.069458, 0.997585, -0.027785, 0.000000, 0.000000, 0.000000, 1.000000  
        152: 1.000000, 0.000145, 0.000002, 0.000517, -0.000145, 0.998569, 0.053481, -0.009864, 0.000006, -0.053480, 0.998569, -0.053348, 0.000000, 0.000000, 0.000000, 1.000000  
        153: 1.000000, 0.000239, -0.000004, 0.001293, -0.000239, 0.999220, 0.039486, -0.010906, 0.000014, -0.039486, 0.999220, -0.075731, 0.000000, 0.000000, 0.000000, 1.000000  
        154: 1.000000, 0.000293, -0.000016, 0.002459, -0.000292, 0.999616, 0.027700, -0.011540, 0.000024, -0.027700, 0.999616, -0.094567, 0.000000, 0.000000, 0.000000, 1.000000  
        155: 1.000000, 0.000292, -0.000030, 0.003959, -0.000291, 0.999833, 0.018256, -0.011887, 0.000035, -0.018256, 0.999833, -0.109638, 0.000000, 0.000000, 0.000000, 1.000000  
        156: 1.000000, 0.000244, -0.000040, 0.005669, -0.000244, 0.999938, 0.011140, -0.012054, 0.000043, -0.011140, 0.999938, -0.120963, 0.000000, 0.000000, 0.000000, 1.000000  
        157: 1.000000, 0.000172, -0.000043, 0.007417, -0.000171, 0.999981, 0.006164, -0.012123, 0.000044, -0.006164, 0.999981, -0.128843, 0.000000, 0.000000, 0.000000, 1.000000  
        158: 1.000000, 0.000100, -0.000037, 0.009029, -0.000100, 0.999995, 0.002991, -0.012147, 0.000037, -0.002991, 0.999996, -0.133828, 0.000000, 0.000000, 0.000000, 1.000000  
        159: 1.000000, 0.000045, -0.000026, 0.010364, -0.000045, 0.999999, 0.001195, -0.012153, 0.000026, -0.001195, 0.999999, -0.136614, 0.000000, 0.000000, 0.000000, 1.000000  
        160: 1.000000, 0.000014, -0.000013, 0.011338, -0.000014, 1.000000, 0.000341, -0.012154, 0.000013, -0.000341, 1.000000, -0.137908, 0.000000, 0.000000, 0.000000, 1.000000  
        161: 1.000000, 0.000002, -0.000004, 0.011918, -0.000002, 1.000000, 0.000044, -0.012154, 0.000004, -0.000044, 1.000000, -0.138335, 0.000000, 0.000000, 0.000000, 1.000000  
        162: 1.000000, 0.000000, -0.000000, 0.012107, -0.000000, 1.000000, 0.000000, -0.012154, 0.000000, 0.000000, 1.000000, -0.138390, 0.000000, 0.000000, 0.000000, 1.000000  
        163: 1.000000, 0.000058, 0.000001, 0.011899, -0.000058, 0.999999, 0.001340, -0.012152, -0.000001, -0.001340, 0.999999, -0.136257, 0.000000, 0.000000, 0.000000, 1.000000  
        164: 1.000000, 0.000226, 0.000005, 0.011274, -0.000226, 0.999985, 0.005385, -0.012130, -0.000004, -0.005384, 0.999986, -0.129815, 0.000000, 0.000000, 0.000000, 1.000000  
        165: 1.000000, 0.000480, 0.000013, 0.010261, -0.000480, 0.999927, 0.012056, -0.012037, -0.000007, -0.012056, 0.999927, -0.119191, 0.000000, 0.000000, 0.000000, 1.000000  
        166: 1.000000, 0.000772, 0.000025, 0.008937, -0.000773, 0.999778, 0.021062, -0.011798, -0.000009, -0.021062, 0.999778, -0.104846, 0.000000, 0.000000, 0.000000, 1.000000  
        167: 1.000000, 0.001043, 0.000039, 0.007423, -0.001044, 0.999492, 0.031849, -0.011341, -0.000006, -0.031849, 0.999493, -0.087662, 0.000000, 0.000000, 0.000000, 1.000000  
        168: 0.999999, 0.001230, 0.000054, 0.005863, -0.001231, 0.999048, 0.043605, -0.010631, 0.000000, -0.043605, 0.999049, -0.068929, 0.000000, 0.000000, 0.000000, 1.000000  
        169: 0.999999, 0.001286, 0.000064, 0.004395, -0.001287, 0.998466, 0.055358, -0.009699, 0.000008, -0.055358, 0.998467, -0.050196, 0.000000, 0.000000, 0.000000, 1.000000  
        170: 0.999999, 0.001197, 0.000066, 0.003113, -0.001198, 0.997810, 0.066135, -0.008650, 0.000014, -0.066135, 0.997811, -0.033012, 0.000000, 0.000000, 0.000000, 1.000000  
        171: 0.999999, 0.000980, 0.000058, 0.002056, -0.000981, 0.997173, 0.075127, -0.007631, 0.000016, -0.075127, 0.997174, -0.018667, 0.000000, 0.000000, 0.000000, 1.000000  
        172: 1.000000, 0.000676, 0.000042, 0.001215, -0.000677, 0.996650, 0.081785, -0.006793, 0.000013, -0.081785, 0.996650, -0.008044, 0.000000, 0.000000, 0.000000, 1.000000  
        173: 1.000000, 0.000334, 0.000022, 0.000546, -0.000335, 0.996311, 0.085820, -0.006251, 0.000007, -0.085820, 0.996311, -0.001603, 0.000000, 0.000000, 0.000000, 1.000000  
        174: 1.000000, 0.000000, -0.000000, -0.000001, -0.000000, 0.996195, 0.087156, -0.006065, 0.000000, -0.087156, 0.996195, 0.000531, 0.000000, 0.000000, 0.000000, 1.000000  
        175: 1.000000, -0.000333, -0.000022, -0.000548, 0.000334, 0.996311, 0.085820, -0.006251, -0.000007, -0.085820, 0.996311, -0.001603, 0.000000, 0.000000, 0.000000, 1.000000  
        176: 1.000000, -0.000675, -0.000043, -0.001216, 0.000676, 0.996650, 0.081785, -0.006793, -0.000013, -0.081785, 0.996650, -0.008044, 0.000000, 0.000000, 0.000000, 1.000000  
        177: 1.000000, -0.000979, -0.000058, -0.002058, 0.000980, 0.997173, 0.075128, -0.007631, -0.000015, -0.075127, 0.997174, -0.018667, 0.000000, 0.000000, 0.000000, 1.000000  
        178: 0.999999, -0.001196, -0.000066, -0.003114, 0.001198, 0.997810, 0.066135, -0.008650, -0.000013, -0.066135, 0.997811, -0.033012, 0.000000, 0.000000, 0.000000, 1.000000  
        179: 0.999999, -0.001285, -0.000064, -0.004396, 0.001287, 0.998466, 0.055358, -0.009699, -0.000007, -0.055358, 0.998467, -0.050196, 0.000000, 0.000000, 0.000000, 1.000000  
        180: 0.999999, -0.001229, -0.000054, -0.005865, 0.001230, 0.999048, 0.043605, -0.010631, 0.000000, -0.043605, 0.999049, -0.068929, 0.000000, 0.000000, 0.000000, 1.000000  
        181: 0.999999, -0.001043, -0.000039, -0.007425, 0.001043, 0.999492, 0.031849, -0.011341, 0.000006, -0.031849, 0.999493, -0.087662, 0.000000, 0.000000, 0.000000, 1.000000  
        182: 1.000000, -0.000772, -0.000025, -0.008939, 0.000772, 0.999778, 0.021062, -0.011798, 0.000009, -0.021062, 0.999778, -0.104846, 0.000000, 0.000000, 0.000000, 1.000000  
        183: 1.000000, -0.000479, -0.000013, -0.010263, 0.000479, 0.999927, 0.012056, -0.012037, 0.000008, -0.012056, 0.999927, -0.119191, 0.000000, 0.000000, 0.000000, 1.000000  
        184: 1.000000, -0.000226, -0.000006, -0.011276, 0.000226, 0.999985, 0.005385, -0.012130, 0.000004, -0.005384, 0.999985, -0.129815, 0.000000, 0.000000, 0.000000, 1.000000  
        185: 1.000000, -0.000058, -0.000001, -0.011901, 0.000058, 0.999999, 0.001340, -0.012152, 0.000001, -0.001340, 0.999999, -0.136257, 0.000000, 0.000000, 0.000000, 1.000000  
        186: 1.000000, 0.000000, -0.000000, -0.012108, -0.000000, 1.000000, 0.000000, -0.012154, 0.000000, 0.000000, 1.000000, -0.138390, 0.000000, 0.000000, 0.000000, 1.000000  
        187: 1.000000, -0.000057, -0.000001, -0.011831, 0.000057, 0.999999, 0.001340, -0.012152, 0.000001, -0.001340, 0.999999, -0.136263, 0.000000, 0.000000, 0.000000, 1.000000  
        188: 1.000000, -0.000220, -0.000005, -0.011009, 0.000220, 0.999985, 0.005385, -0.012130, 0.000004, -0.005385, 0.999985, -0.129837, 0.000000, 0.000000, 0.000000, 1.000000  
        189: 1.000000, -0.000453, -0.000013, -0.009712, 0.000453, 0.999927, 0.012058, -0.012037, 0.000007, -0.012058, 0.999927, -0.119234, 0.000000, 0.000000, 0.000000, 1.000000  
        190: 1.000000, -0.000697, -0.000023, -0.008073, 0.000697, 0.999778, 0.021067, -0.011798, 0.000008, -0.021067, 0.999778, -0.104907, 0.000000, 0.000000, 0.000000, 1.000000  
        191: 1.000000, -0.000882, -0.000033, -0.006281, 0.000883, 0.999492, 0.031859, -0.011341, 0.000005, -0.031859, 0.999492, -0.087731, 0.000000, 0.000000, 0.000000, 1.000000  
        192: 1.000000, -0.000951, -0.000042, -0.004538, 0.000952, 0.999048, 0.043619, -0.010630, 0.000000, -0.043619, 0.999048, -0.068996, 0.000000, 0.000000, 0.000000, 1.000000  
        193: 1.000000, -0.000882, -0.000044, -0.003016, 0.000883, 0.998465, 0.055374, -0.009698, -0.000005, -0.055374, 0.998466, -0.050250, 0.000000, 0.000000, 0.000000, 1.000000  
        194: 1.000000, -0.000696, -0.000038, -0.001814, 0.000697, 0.997809, 0.066149, -0.008649, -0.000008, -0.066149, 0.997810, -0.033049, 0.000000, 0.000000, 0.000000, 1.000000  
        195: 1.000000, -0.000453, -0.000027, -0.000952, 0.000453, 0.997173, 0.075137, -0.007631, -0.000007, -0.075137, 0.997173, -0.018689, 0.000000, 0.000000, 0.000000, 1.000000  
        196: 1.000000, -0.000220, -0.000014, -0.000397, 0.000220, 0.996649, 0.081790, -0.006793, -0.000004, -0.081790, 0.996650, -0.008053, 0.000000, 0.000000, 0.000000, 1.000000  
        197: 1.000000, -0.000057, -0.000004, -0.000095, 0.000057, 0.996310, 0.085821, -0.006251, -0.000001, -0.085821, 0.996311, -0.001605, 0.000000, 0.000000, 0.000000, 1.000000  
    LeftLeg:
        150: 1.000000, -0.000000, 0.000000, 0.000000, 0.000000, 1.000000, -0.000000, 0.001519, -0.000000, -0.000000, 1.000000, 0.017365, 0.000000, 0.000000, 0.000000, 1.000000  
        151: 1.000000, -0.000000, 0.000000, -0.000016, 0.000000, 1.000000, 0.000000, 0.001519, -0.000000, 0.000000, 1.000000, 0.017365, 0.000000, 0.000000, 0.000000, 1.000000  
        152: 1.000000, -0.000000, 0.000000, -0.000067, 0.000000, 1.000000, 0.000000, 0.001519, -0.000000, 0.000000, 1.000000, 0.017364, 0.000000, 0.000000, 0.000000, 1.000000  
        153: 1.000000, -0.000000, 0.000000, -0.000155, 0.000000, 1.000000, 0.000000, 0.001519, -0.000000, 0.000000, 1.000000, 0.017363, 0.000000, 0.000000, 0.000000, 1.000000  
        154: 1.000000, 0.000000, 0.000000, -0.000282, -0.000000, 1.000000, 0.000000, 0.001519, -0.000000, 0.000000, 1.000000, 0.017360, 0.000000, 0.000000, 0.000000, 1.000000  
        155: 1.000000, 0.000000, 0.000000, -0.000447, 0.000000, 1.000000, 0.000000, 0.001519, -0.000000, -0.000000, 1.000000, 0.017355, 0.000000, 0.000000, 0.000000, 1.000000  
        156: 1.000000, -0.000000, 0.000000, -0.000643, 0.000000, 1.000000, 0.000000, 0.001519, -0.000000, 0.000000, 1.000000, 0.017348, 0.000000, 0.000000, 0.000000, 1.000000  
        157: 1.000000, -0.000000, 0.000000, -0.000856, 0.000000, 1.000000, 0.000000, 0.001519, -0.000000, -0.000000, 1.000000, 0.017339, 0.000000, 0.000000, 0.000000, 1.000000  
        158: 1.000000, -0.000000, 0.000000, -0.001065, 0.000000, 1.000000, 0.000000, 0.001519, -0.000000, -0.000000, 1.000000, 0.017328, 0.000000, 0.000000, 0.000000, 1.000000  
        159: 1.000000, -0.000000, 0.000000, -0.001250, 0.000000, 1.000000, 0.000000, 0.001519, -0.000000, -0.000000, 1.000000, 0.017317, 0.000000, 0.000000, 0.000000, 1.000000  
        160: 1.000000, -0.000000, 0.000000, -0.001394, 0.000000, 1.000000, 0.000000, 0.001519, -0.000000, -0.000000, 1.000000, 0.017307, 0.000000, 0.000000, 0.000000, 1.000000  
        161: 1.000000, -0.000000, 0.000000, -0.001483, 0.000000, 1.000000, 0.000000, 0.001519, -0.000000, -0.000000, 1.000000, 0.017301, 0.000000, 0.000000, 0.000000, 1.000000  
        162: 1.000000, -0.000000, 0.000000, -0.001513, 0.000000, 1.000000, 0.000000, 0.001519, -0.000000, 0.000000, 1.000000, 0.017299, 0.000000, 0.000000, 0.000000, 1.000000  
        163: 1.000000, -0.000000, 0.000000, -0.001497, 0.000000, 1.000000, 0.000000, 0.001519, -0.000000, 0.000000, 1.000000, 0.017300, 0.000000, 0.000000, 0.000000, 1.000000  
        164: 1.000000, -0.000000, 0.000000, -0.001448, 0.000000, 1.000000, 0.000000, 0.001519, -0.000000, 0.000000, 1.000000, 0.017303, 0.000000, 0.000000, 0.000000, 1.000000  
        165: 1.000000, -0.000000, 0.000000, -0.001364, 0.000000, 1.000000, 0.000000, 0.001519, -0.000000, 0.000000, 1.000000, 0.017309, 0.000000, 0.000000, 0.000000, 1.000000  
        166: 1.000000, -0.000000, 0.000000, -0.001247, 0.000000, 1.000000, 0.000000, 0.001519, -0.000000, -0.000000, 1.000000, 0.017317, 0.000000, 0.000000, 0.000000, 1.000000  
        167: 1.000000, -0.000000, 0.000000, -0.001104, 0.000000, 1.000000, 0.000000, 0.001519, -0.000000, -0.000000, 1.000000, 0.017326, 0.000000, 0.000000, 0.000000, 1.000000  
        168: 1.000000, -0.000000, 0.000000, -0.000941, 0.000000, 1.000000, 0.000000, 0.001519, -0.000000, -0.000000, 1.000000, 0.017335, 0.000000, 0.000000, 0.000000, 1.000000  
        169: 1.000000, -0.000000, 0.000000, -0.000769, 0.000000, 1.000000, 0.000000, 0.001519, -0.000000, -0.000000, 1.000000, 0.017344, 0.000000, 0.000000, 0.000000, 1.000000  
        170: 1.000000, -0.000000, 0.000000, -0.000596, 0.000000, 1.000000, 0.000000, 0.001519, -0.000000, -0.000000, 1.000000, 0.017351, 0.000000, 0.000000, 0.000000, 1.000000  
        171: 1.000000, -0.000000, 0.000000, -0.000430, 0.000000, 1.000000, 0.000000, 0.001519, -0.000000, -0.000000, 1.000000, 0.017357, 0.000000, 0.000000, 0.000000, 1.000000  
        172: 1.000000, -0.000000, 0.000000, -0.000275, 0.000000, 1.000000, 0.000000, 0.001519, -0.000000, -0.000000, 1.000000, 0.017361, 0.000000, 0.000000, 0.000000, 1.000000  
        173: 1.000000, -0.000000, 0.000000, -0.000132, 0.000000, 1.000000, 0.000000, 0.001519, -0.000000, 0.000000, 1.000000, 0.017363, 0.000000, 0.000000, 0.000000, 1.000000  
        174: 1.000000, -0.000000, 0.000000, 0.000000, 0.000000, 1.000000, -0.000000, 0.001519, -0.000000, -0.000000, 1.000000, 0.017365, 0.000000, 0.000000, 0.000000, 1.000000  
        175: 1.000000, -0.000000, 0.000000, 0.000139, 0.000000, 1.000000, 0.000000, 0.001519, -0.000000, 0.000000, 1.000000, 0.017365, 0.000000, 0.000000, 0.000000, 1.000000  
        176: 1.000000, -0.000000, 0.000000, 0.000299, 0.000000, 1.000000, -0.000000, 0.001519, -0.000000, 0.000000, 1.000000, 0.017364, 0.000000, 0.000000, 0.000000, 1.000000  
        177: 1.000000, -0.000000, 0.000000, 0.000475, 0.000000, 1.000000, 0.000000, 0.001519, -0.000000, 0.000000, 1.000000, 0.017361, 0.000000, 0.000000, 0.000000, 1.000000  
        178: 1.000000, -0.000000, 0.000000, 0.000660, 0.000000, 1.000000, 0.000000, 0.001519, -0.000000, -0.000000, 1.000000, 0.017356, 0.000000, 0.000000, 0.000000, 1.000000  
        179: 1.000000, -0.000000, 0.000000, 0.000844, 0.000000, 1.000000, 0.000000, 0.001519, -0.000000, 0.000000, 1.000000, 0.017349, 0.000000, 0.000000, 0.000000, 1.000000  
        180: 1.000000, -0.000000, 0.000000, 0.001017, 0.000000, 1.000000, -0.000000, 0.001519, -0.000000, 0.000000, 1.000000, 0.017339, 0.000000, 0.000000, 0.000000, 1.000000  
