Skeleton: skeleton://Vanilla/entities/human/human.ske
frames: 18
delay: 0.041667
bones_data:
    Torso:
        60: 1.000000, -0.000000, 0.000000, -0.000000, -0.000000, 1.000000, -0.000000, 0.000000, 0.000000, -0.000000, 1.000000, 0.000000, 0.000000, 0.000000, 0.000000, 1.000000  
        61: 0.999969, 0.000000, 0.007909, -0.000000, -0.000000, 1.000000, -0.000000, 0.000000, -0.007909, 0.000000, 0.999969, 0.000000, 0.000000, 0.000000, 0.000000, 1.000000  
        62: 0.999510, 0.000000, 0.031315, -0.000000, -0.000000, 1.000000, -0.000000, 0.000000, -0.031315, 0.000000, 0.999510, 0.000000, 0.000000, 0.000000, 0.000000, 1.000000  
        63: 0.997755, 0.000000, 0.066966, -0.000000, -0.000000, 1.000000, -0.000000, 0.000000, -0.066966, 0.000000, 0.997755, 0.000000, 0.000000, 0.000000, 0.000000, 1.000000  
        64: 0.994225, 0.000000, 0.107311, -0.000000, -0.000000, 1.000000, -0.000000, 0.000000, -0.107311, -0.000000, 0.994225, 0.000000, 0.000000, 0.000000, 0.000000, 1.000000  
        65: 0.989762, 0.000000, 0.142725, -0.000000, -0.000000, 1.000000, -0.000000, 0.000000, -0.142725, -0.000000, 0.989762, 0.000000, 0.000000, 0.000000, 0.000000, 1.000000  
        66: 0.986150, 0.000000, 0.165854, -0.000000, -0.000000, 1.000000, -0.000000, 0.000000, -0.165854, -0.000000, 0.986150, 0.000000, 0.000000, 0.000000, 0.000000, 1.000000  
        67: 0.984808, 0.000000, 0.173648, -0.000000, -0.000000, 1.000000, -0.000000, 0.000000, -0.173648, -0.000000, 0.984808, 0.000000, 0.000000, 0.000000, 0.000000, 1.000000  
        68: 0.985471, 0.000000, 0.169841, -0.000000, -0.000000, 1.000000, -0.000000, 0.000000, -0.169841, -0.000000, 0.985471, 0.000000, 0.000000, 0.000000, 0.000000, 1.000000  
        69: 0.987381, 0.000000, 0.158364, -0.000000, -0.000000, 1.000000, -0.000000, 0.000000, -0.158364, -0.000000, 0.987381, 0.000000, 0.000000, 0.000000, 0.000000, 1.000000  
        70: 0.990201, 0.000000, 0.139648, -0.000000, -0.000000, 1.000000, -0.000000, 0.000000, -0.139648, -0.000000, 0.990201, 0.000000, 0.000000, 0.000000, 0.000000, 1.000000  
        71: 0.993356, 0.000000, 0.115081, -0.000000, -0.000000, 1.000000, -0.000000, 0.000000, -0.115081, -0.000000, 0.993356, 0.000000, 0.000000, 0.000000, 0.000000, 1.000000  
        72: 0.996195, 0.000000, 0.087156, -0.000000, -0.000000, 1.000000, -0.000000, 0.000000, -0.087156, -0.000000, 0.996195, 0.000000, 0.000000, 0.000000, 0.000000, 1.000000  
        73: 0.998248, 0.000000, 0.059162, -0.000000, -0.000000, 1.000000, -0.000000, 0.000000, -0.059162, 0.000000, 0.998248, 0.000000, 0.000000, 0.000000, 0.000000, 1.000000  
        74: 0.999407, 0.000000, 0.034420, -0.000000, -0.000000, 1.000000, -0.000000, 0.000000, -0.034420, 0.000000, 0.999407, 0.000000, 0.000000, 0.000000, 0.000000, 1.000000  
        75: 0.999880, 0.000000, 0.015499, -0.000000, -0.000000, 1.000000, -0.000000, 0.000000, -0.015499, 0.000000, 0.999880, 0.000000, 0.000000, 0.000000, 0.000000, 1.000000  
        76: 0.999993, 0.000000, 0.003865, -0.000000, -0.000000, 1.000000, -0.000000, 0.000000, -0.003865, 0.000000, 0.999993, 0.000000, 0.000000, 0.000000, 0.000000, 1.000000  
        77: 1.000000, -0.000000, 0.000000, -0.000000, -0.000000, 1.000000, -0.000000, 0.000000, 0.000000, -0.000000, 1.000000, 0.000000, 0.000000, 0.000000, 0.000000, 1.000000  
    RightArm:
        60: 0.996195, -0.087156, 0.000000, 0.123540, 0.087156, 0.996195, -0.000000, -0.029535, -0.000000, 0.000000, 1.000000, -0.000000, 0.000000, 0.000000, 0.000000, 1.000000  
        61: 0.996164, -0.087053, 0.008941, 0.123397, 0.087156, 0.996125, -0.011802, -0.029437, -0.007879, 0.012536, 0.999890, -0.017562, 0.000000, 0.000000, 0.000000, 1.000000  
        62: 0.995706, -0.085548, 0.035368, 0.121288, 0.087156, 0.995097, -0.046746, -0.027999, -0.031195, 0.049628, 0.998280, -0.069527, 0.000000, 0.000000, 0.000000, 1.000000  
        63: 0.993959, -0.079802, 0.075353, 0.113242, 0.087156, 0.991168, -0.099952, -0.022497, -0.066711, 0.105915, 0.992135, -0.148383, 0.000000, 0.000000, 0.000000, 1.000000  
        64: 0.990442, -0.068293, 0.119835, 0.097123, 0.087156, 0.983263, -0.159992, -0.011431, -0.106903, 0.168907, 0.979817, -0.236633, 0.000000, 0.000000, 0.000000, 1.000000  
        65: 0.985996, -0.053849, 0.157836, 0.076895, 0.087156, 0.973288, -0.212400, 0.002534, -0.142182, 0.223182, 0.964352, -0.312672, 0.000000, 0.000000, 0.000000, 1.000000  
        66: 0.982398, -0.042252, 0.181960, 0.060654, 0.087156, 0.965237, -0.246417, 0.013806, -0.165223, 0.257939, 0.951929, -0.361366, 0.000000, 0.000000, 0.000000, 1.000000  
        67: 0.981060, -0.037963, 0.189946, 0.054648, 0.087156, 0.962250, -0.257834, 0.017988, -0.172987, 0.269506, 0.947334, -0.377572, 0.000000, 0.000000, 0.000000, 1.000000  
        68: 0.981721, -0.040082, 0.186055, 0.057615, 0.087156, 0.963727, -0.252260, 0.015921, -0.169195, 0.263865, 0.949604, -0.369669, 0.000000, 0.000000, 0.000000, 1.000000  
        69: 0.983624, -0.046193, 0.174215, 0.066174, 0.087156, 0.967977, -0.235422, 0.009969, -0.157762, 0.246751, 0.956151, -0.345692, 0.000000, 0.000000, 0.000000, 1.000000  
        70: 0.986433, -0.055264, 0.154582, 0.078876, 0.087156, 0.974268, -0.207861, 0.001163, -0.139117, 0.218514, 0.965866, -0.306132, 0.000000, 0.000000, 0.000000, 1.000000  
        71: 0.989576, -0.065470, 0.128269, 0.093170, 0.087156, 0.981318, -0.171518, -0.008708, -0.114643, 0.180910, 0.976795, -0.253449, 0.000000, 0.000000, 0.000000, 1.000000  
        72: 0.992404, -0.074705, 0.097743, 0.106103, 0.087156, 0.987672, -0.130031, -0.017603, -0.086824, 0.137562, 0.986680, -0.192719, 0.000000, 0.000000, 0.000000, 1.000000  
        73: 0.994450, -0.081416, 0.066642, 0.115502, 0.087156, 0.992273, -0.088312, -0.024044, -0.058937, 0.093630, 0.993861, -0.131172, 0.000000, 0.000000, 0.000000, 1.000000  
        74: 0.995604, -0.085213, 0.038867, 0.120819, 0.087156, 0.994869, -0.051382, -0.027678, -0.034289, 0.054544, 0.997922, -0.076414, 0.000000, 0.000000, 0.000000, 1.000000  
        75: 0.996075, -0.086762, 0.017518, 0.122989, 0.087156, 0.995926, -0.023132, -0.029159, -0.015440, 0.024568, 0.999579, -0.034418, 0.000000, 0.000000, 0.000000, 1.000000  
        76: 0.996187, -0.087131, 0.004369, 0.123506, 0.087156, 0.996178, -0.005767, -0.029512, -0.003850, 0.006125, 0.999974, -0.008581, 0.000000, 0.000000, 0.000000, 1.000000  
        77: 0.996195, -0.087156, 0.000000, 0.123540, 0.087156, 0.996195, -0.000000, -0.029535, 0.000000, 0.000000, 1.000000, -0.000000, 0.000000, 0.000000, 0.000000, 1.000000  
    LeftArm:
        60: 0.996195, 0.087156, -0.000000, -0.123540, -0.087156, 0.996195, 0.000000, -0.029535, 0.000000, -0.000000, 1.000000, 0.000000, 0.000000, 0.000000, 0.000000, 1.000000  
        61: 0.949759, 0.309142, -0.048874, -0.452882, -0.307299, 0.950697, 0.041743, -0.053895, 0.059369, -0.024627, 0.997932, 0.061389, 0.000000, 0.000000, 0.000000, 1.000000  
        62: 0.539234, 0.835524, -0.105479, -1.353845, -0.799405, 0.547229, 0.247977, 0.314118, 0.264912, -0.049397, 0.963006, 0.187647, 0.000000, 0.000000, 0.000000, 1.000000  
        63: -0.108758, 0.992094, 0.062623, -1.831537, -0.855774, -0.125494, 0.501899, 1.233383, 0.505789, 0.000994, 0.862656, 0.227710, 0.000000, 0.000000, 0.000000, 1.000000  
        64: -0.310987, 0.894867, 0.320156, -1.774899, -0.649885, -0.446020, 0.615399, 1.764475, 0.693496, -0.016683, 0.720267, 0.343680, 0.000000, 0.000000, 0.000000, 1.000000  
        65: -0.080605, 0.738521, 0.669395, -1.462076, -0.510661, -0.607344, 0.608571, 2.046019, 0.855996, -0.292780, 0.426089, 0.809380, 0.000000, 0.000000, 0.000000, 1.000000  
        66: 0.383749, 0.322191, 0.865407, -0.692027, -0.516936, -0.701607, 0.490434, 2.175476, 0.765189, -0.635563, -0.102689, 1.262206, 0.000000, 0.000000, 0.000000, 1.000000  
        67: 0.620342, 0.062118, 0.781867, -0.232751, -0.542731, -0.685665, 0.485084, 2.142840, 0.566232, -0.725262, -0.391634, 1.311319, 0.000000, 0.000000, 0.000000, 1.000000  
        68: 0.737620, 0.053623, 0.673083, -0.174213, -0.555059, -0.519467, 0.649664, 1.905231, 0.384482, -0.852806, -0.353405, 1.415658, 0.000000, 0.000000, 0.000000, 1.000000  
        69: 0.842761, 0.104387, 0.528069, -0.203990, -0.529430, -0.016498, 0.848193, 1.211325, 0.097252, -0.994400, 0.041362, 1.494407, 0.000000, 0.000000, 0.000000, 1.000000  
        70: 0.917458, 0.120516, 0.379138, -0.197820, -0.384251, 0.515319, 0.766027, 0.524854, -0.103058, -0.848483, 0.519092, 1.202512, 0.000000, 0.000000, 0.000000, 1.000000  
        71: 0.951497, 0.113674, 0.285888, -0.175888, -0.269563, 0.755915, 0.596597, 0.233894, -0.148290, -0.644725, 0.749893, 0.889332, 0.000000, 0.000000, 0.000000, 1.000000  
        72: 0.969698, 0.110441, 0.217916, -0.165217, -0.201962, 0.864282, 0.460682, 0.109220, -0.137463, -0.490733, 0.860398, 0.666904, 0.000000, 0.000000, 0.000000, 1.000000  
        73: 0.983405, 0.104117, 0.148574, -0.151702, -0.146638, 0.938363, 0.313006, 0.027637, -0.106827, -0.329598, 0.938058, 0.442372, 0.000000, 0.000000, 0.000000, 1.000000  
        74: 0.991621, 0.096410, 0.085979, -0.138089, -0.110425, 0.978017, 0.176889, -0.013393, -0.067035, -0.184901, 0.980468, 0.245816, 0.000000, 0.000000, 0.000000, 1.000000  
        75: 0.995180, 0.090387, 0.038049, -0.128422, -0.093043, 0.992830, 0.075048, -0.027179, -0.030993, -0.078226, 0.996454, 0.103319, 0.000000, 0.000000, 0.000000, 1.000000  
        76: 0.996113, 0.087600, 0.009246, -0.124191, -0.087750, 0.995992, 0.017305, -0.029489, -0.007693, -0.018050, 0.999808, 0.023738, 0.000000, 0.000000, 0.000000, 1.000000  
        77: 0.996195, 0.087156, 0.000000, -0.123540, -0.087156, 0.996195, 0.000000, -0.029535, 0.000000, -0.000000, 1.000000, 0.000000, 0.000000, 0.000000, 0.000000, 1.000000  
    Head:
        60: 1.000000, -0.000000, -0.000000, -0.000000, -0.000000, 1.000000, 0.000000, 0.000000, -0.000000, 0.000000, 1.000000, -0.000000, 0.000000, 0.000000, 0.000000, 1.000000  
        61: 1.000000, -0.000000, -0.000000, 0.000000, 0.000000, 1.000000, 0.000000, 0.000000, 0.000000, -0.000000, 1.000000, 0.000000, 0.000000, 0.000000, 0.000000, 1.000000  
        62: 1.000000, -0.000000, -0.000000, 0.000000, 0.000000, 1.000000, 0.000000, 0.000000, 0.000000, -0.000000, 1.000000, 0.000000, 0.000000, 0.000000, 0.000000, 1.000000  
        63: 1.000000, -0.000000, -0.000000, 0.000000, 0.000000, 1.000000, 0.000000, 0.000000, 0.000000, -0.000000, 1.000000, 0.000000, 0.000000, 0.000000, 0.000000, 1.000000  
        64: 1.000000, -0.000000, 0.000000, 0.000000, 0.000000, 1.000000, 0.000000, 0.000000, -0.000000, -0.000000, 1.000000, 0.000000, 0.000000, 0.000000, 0.000000, 1.000000  
        65: 1.000000, -0.000000, -0.000000, 0.000000, 0.000000, 1.000000, 0.000000, 0.000000, 0.000000, -0.000000, 1.000000, 0.000000, 0.000000, 0.000000, 0.000000, 1.000000  
        66: 1.000000, -0.000000, -0.000000, 0.000000, 0.000000, 1.000000, 0.000000, 0.000000, 0.000000, -0.000000, 1.000000, 0.000000, 0.000000, 0.000000, 0.000000, 1.000000  
        67: 1.000000, -0.000000, -0.000000, 0.000000, 0.000000, 1.000000, 0.000000, 0.000000, 0.000000, -0.000000, 1.000000, 0.000000, 0.000000, 0.000000, 0.000000, 1.000000  
        68: 1.000000, -0.000000, -0.000000, 0.000000, 0.000000, 1.000000, 0.000000, 0.000000, 0.000000, -0.000000, 1.000000, 0.000000, 0.000000, 0.000000, 0.000000, 1.000000  
        69: 1.000000, -0.000000, -0.000000, 0.000000, 0.000000, 1.000000, 0.000000, 0.000000, 0.000000, -0.000000, 1.000000, 0.000000, 0.000000, 0.000000, 0.000000, 1.000000  
        70: 1.000000, -0.000000, -0.000000, 0.000000, 0.000000, 1.000000, 0.000000, 0.000000, 0.000000, -0.000000, 1.000000, 0.000000, 0.000000, 0.000000, 0.000000, 1.000000  
        71: 1.000000, -0.000000, -0.000000, 0.000000, 0.000000, 1.000000, 0.000000, 0.000000, 0.000000, -0.000000, 1.000000, 0.000000, 0.000000, 0.000000, 0.000000, 1.000000  
        72: 1.000000, -0.000000, -0.000000, 0.000000, 0.000000, 1.000000, 0.000000, 0.000000, 0.000000, -0.000000, 1.000000, 0.000000, 0.000000, 0.000000, 0.000000, 1.000000  
        73: 1.000000, -0.000000, -0.000000, 0.000000, 0.000000, 1.000000, 0.000000, 0.000000, 0.000000, -0.000000, 1.000000, 0.000000, 0.000000, 0.000000, 0.000000, 1.000000  
        74: 1.000000, -0.000000, -0.000000, 0.000000, 0.000000, 1.000000, 0.000000, 0.000000, 0.000000, -0.000000, 1.000000, 0.000000, 0.000000, 0.000000, 0.000000, 1.000000  
        75: 1.000000, -0.000000, -0.000000, 0.000000, 0.000000, 1.000000, 0.000000, 0.000000, 0.000000, -0.000000, 1.000000, 0.000000, 0.000000, 0.000000, 0.000000, 1.000000  
        76: 1.000000, -0.000000, -0.000000, 0.000000, 0.000000, 1.000000, 0.000000, 0.000000, 0.000000, -0.000000, 1.000000, 0.000000, 0.000000, 0.000000, 0.000000, 1.000000  
        77: 1.000000, -0.000000, -0.000000, -0.000000, -0.000000, 1.000000, 0.000000, 0.000000, -0.000000, 0.000000, 1.000000, -0.000000, 0.000000, 0.000000, 0.000000, 1.000000  
    LeftLeg:
        60: 1.000000, 0.000000, 0.000000, 0.000000, 0.000000, 1.000000, -0.000000, 0.000000, 0.000000, -0.000000, 1.000000, 0.000000, 0.000000, 0.000000, 0.000000, 1.000000  
        61: 1.000000, 0.000000, -0.000000, 0.000079, -0.000000, 1.000000, -0.000000, -0.000000, 0.000000, 0.000000, 1.000000, 0.000003, 0.000000, 0.000000, 0.000000, 1.000000  
        62: 1.000000, 0.000000, -0.000000, 0.000269, -0.000000, 1.000000, -0.000000, -0.000000, 0.000000, 0.000000, 1.000000, 0.000008, 0.000000, 0.000000, 0.000000, 1.000000  
        63: 1.000000, 0.000000, 0.000000, 0.000432, -0.000000, 1.000000, -0.000000, -0.000000, -0.000000, 0.000000, 1.000000, 0.000004, 0.000000, 0.000000, 0.000000, 1.000000  
        64: 1.000000, 0.000000, 0.000000, 0.000432, -0.000000, 1.000000, 0.000000, -0.000000, -0.000000, -0.000000, 1.000000, -0.000004, 0.000000, 0.000000, 0.000000, 1.000000  
        65: 1.000000, 0.000000, 0.000000, 0.000269, -0.000000, 1.000000, 0.000000, -0.000000, -0.000000, -0.000000, 1.000000, -0.000007, 0.000000, 0.000000, 0.000000, 1.000000  
        66: 1.000000, 0.000000, 0.000000, 0.000079, -0.000000, 1.000000, 0.000000, -0.000000, -0.000000, -0.000000, 1.000000, -0.000003, 0.000000, 0.000000, 0.000000, 1.000000  
        67: 1.000000, 0.000000, -0.000000, -0.000000, -0.000000, 1.000000, 0.000000, -0.000000, 0.000000, -0.000000, 1.000000, 0.000000, 0.000000, 0.000000, 0.000000, 1.000000  
        68: 1.000000, 0.000000, -0.000000, 0.000040, -0.000000, 1.000000, 0.000000, -0.000000, 0.000000, -0.000000, 1.000000, -0.000002, 0.000000, 0.000000, 0.000000, 1.000000  
        69: 1.000000, 0.000000, -0.000000, 0.000148, -0.000000, 1.000000, 0.000000, -0.000000, 0.000000, -0.000000, 1.000000, -0.000005, 0.000000, 0.000000, 0.000000, 1.000000  
        70: 1.000000, 0.000000, -0.000000, 0.000289, -0.000000, 1.000000, 0.000000, -0.000000, 0.000000, -0.000000, 1.000000, -0.000008, 0.000000, 0.000000, 0.000000, 1.000000  
        71: 1.000000, 0.000000, -0.000000, 0.000409, -0.000000, 1.000000, 0.000000, -0.000000, 0.000000, -0.000000, 1.000000, -0.000006, 0.000000, 0.000000, 0.000000, 1.000000  
        72: 1.000000, 0.000000, -0.000000, 0.000457, -0.000000, 1.000000, 0.000000, -0.000000, 0.000000, -0.000000, 1.000000, 0.000000, 0.000000, 0.000000, 0.000000, 1.000000  
        73: 1.000000, 0.000000, -0.000000, 0.000409, -0.000000, 1.000000, -0.000000, -0.000000, 0.000000, 0.000000, 1.000000, 0.000006, 0.000000, 0.000000, 0.000000, 1.000000  
        74: 1.000000, 0.000000, -0.000000, 0.000289, -0.000000, 1.000000, -0.000000, -0.000000, 0.000000, 0.000000, 1.000000, 0.000008, 0.000000, 0.000000, 0.000000, 1.000000  
        75: 1.000000, 0.000000, -0.000000, 0.000148, -0.000000, 1.000000, -0.000000, -0.000000, 0.000000, 0.000000, 1.000000, 0.000005, 0.000000, 0.000000, 0.000000, 1.000000  
        76: 1.000000, 0.000000, -0.000000, 0.000040, -0.000000, 1.000000, -0.000000, -0.000000, 0.000000, 0.000000, 1.000000, 0.000002, 0.000000, 0.000000, 0.000000, 1.000000  
        77: 1.000000, 0.000000, 0.000000, 0.000000, -0.000000, 1.000000, 0.000000, 0.000000, -0.000000, -0.000000, 1.000000, -0.000000, 0.000000, 0.000000, 0.000000, 1.000000  
    RightLeg:
        60: 1.000000, -0.000000, 0.000000, 0.000000, -0.000000, 1.000000, 0.000000, -0.000000, 0.000000, 0.000000, 1.000000, -0.000000, 0.000000, 0.000000, 0.000000, 1.000000  
        61: 1.000000, 0.000000, -0.000000, -0.000079, -0.000000, 1.000000, -0.000000, 0.000000, 0.000000, 0.000000, 1.000000, -0.000003, 0.000000, 0.000000, 0.000000, 1.000000  
        62: 1.000000, 0.000000, -0.000000, -0.000269, -0.000000, 1.000000, -0.000000, 0.000000, 0.000000, 0.000000, 1.000000, -0.000008, 0.000000, 0.000000, 0.000000, 1.000000  
        63: 1.000000, 0.000000, 0.000000, -0.000432, -0.000000, 1.000000, -0.000000, 0.000000, -0.000000, 0.000000, 1.000000, -0.000004, 0.000000, 0.000000, 0.000000, 1.000000  
        64: 1.000000, 0.000000, 0.000000, -0.000432, -0.000000, 1.000000, 0.000000, 0.000000, -0.000000, -0.000000, 1.000000, 0.000004, 0.000000, 0.000000, 0.000000, 1.000000  
        65: 1.000000, 0.000000, 0.000000, -0.000269, -0.000000, 1.000000, 0.000000, 0.000000, -0.000000, -0.000000, 1.000000, 0.000008, 0.000000, 0.000000, 0.000000, 1.000000  
        66: 1.000000, 0.000000, 0.000000, -0.000079, -0.000000, 1.000000, 0.000000, 0.000000, -0.000000, -0.000000, 1.000000, 0.000003, 0.000000, 0.000000, 0.000000, 1.000000  
        67: 1.000000, 0.000000, -0.000000, -0.000000, -0.000000, 1.000000, 0.000000, 0.000000, 0.000000, -0.000000, 1.000000, 0.000000, 0.000000, 0.000000, 0.000000, 1.000000  
        68: 1.000000, 0.000000, -0.000000, -0.000040, -0.000000, 1.000000, 0.000000, 0.000000, 0.000000, -0.000000, 1.000000, 0.000002, 0.000000, 0.000000, 0.000000, 1.000000  
        69: 1.000000, 0.000000, -0.000000, -0.000148, -0.000000, 1.000000, 0.000000, 0.000000, 0.000000, -0.000000, 1.000000, 0.000005, 0.000000, 0.000000, 0.000000, 1.000000  
        70: 1.000000, 0.000000, -0.000000, -0.000289, -0.000000, 1.000000, 0.000000, 0.000000, 0.000000, -0.000000, 1.000000, 0.000008, 0.000000, 0.000000, 0.000000, 1.000000  
        71: 1.000000, 0.000000, -0.000000, -0.000409, -0.000000, 1.000000, 0.000000, 0.000000, 0.000000, -0.000000, 1.000000, 0.000006, 0.000000, 0.000000, 0.000000, 1.000000  
        72: 1.000000, 0.000000, -0.000000, -0.000457, -0.000000, 1.000000, 0.000000, 0.000000, 0.000000, -0.000000, 1.000000, -0.000000, 0.000000, 0.000000, 0.000000, 1.000000  
        73: 1.000000, 0.000000, -0.000000, -0.000409, -0.000000, 1.000000, -0.000000, 0.000000, 0.000000, 0.000000, 1.000000, -0.000006, 0.000000, 0.000000, 0.000000, 1.000000  
        74: 1.000000, 0.000000, -0.000000, -0.000289, -0.000000, 1.000000, -0.000000, 0.000000, 0.000000, 0.000000, 1.000000, -0.000008, 0.000000, 0.000000, 0.000000, 1.000000  
        75: 1.000000, 0.000000, -0.000000, -0.000148, -0.000000, 1.000000, -0.000000, 0.000000, 0.000000, 0.000000, 1.000000, -0.000005, 0.000000, 0.000000, 0.000000, 1.000000  
        76: 1.000000, 0.000000, -0.000000, -0.000040, -0.000000, 1.000000, -0.000000, 0.000000, 0.000000, 0.000000, 1.000000, -0.000002, 0.000000, 0.000000, 0.000000, 1.000000  
        77: 1.000000, 0.000000, 0.000000, -0.000000, -0.000000, 1.000000, 0.000000, -0.000000, -0.000000, -0.000000, 1.000000, 0.000000, 0.000000, 0.000000, 0.000000, 1.000000  
