Skeleton: skeleton://Vanilla/entities/human/human.ske
frames: 18
delay: 0.041667
bones_data:
    Torso:
        126: 1.000000, -0.000000, 0.000000, -0.000000, 0.000000, 0.906308, -0.422618, 0.338095, 0.000000, 0.422618, 0.906308, 0.074954, 0.000000, 0.000000, 0.000000, 1.000000  
        127: 0.999969, -0.007168, 0.003342, -0.002674, 0.007909, 0.906279, -0.422605, 0.338084, 0.000000, 0.422618, 0.906308, 0.074954, 0.000000, 0.000000, 0.000000, 1.000000  
        128: 0.999510, -0.028381, 0.013234, -0.010587, 0.031315, 0.905863, -0.422411, 0.337929, 0.000000, 0.422618, 0.906308, 0.074954, 0.000000, 0.000000, 0.000000, 1.000000  
        129: 0.997755, -0.060692, 0.028301, -0.022641, 0.066966, 0.904273, -0.421670, 0.337336, 0.000000, 0.422618, 0.906308, 0.074954, 0.000000, 0.000000, 0.000000, 1.000000  
        130: 0.994225, -0.097257, 0.045352, -0.036281, 0.107311, 0.901074, -0.420178, 0.336142, 0.000000, 0.422618, 0.906308, 0.074954, 0.000000, 0.000000, 0.000000, 1.000000  
        131: 0.989762, -0.129353, 0.060318, -0.048255, 0.142725, 0.897029, -0.418292, 0.334633, 0.000000, 0.422618, 0.906308, 0.074954, 0.000000, 0.000000, 0.000000, 1.000000  
        132: 0.986150, -0.150315, 0.070093, -0.056074, 0.165854, 0.893756, -0.416765, 0.333412, 0.000000, 0.422618, 0.906308, 0.074954, 0.000000, 0.000000, 0.000000, 1.000000  
        133: 0.984808, -0.157379, 0.073387, -0.058710, 0.173648, 0.892539, -0.416198, 0.332958, 0.000000, 0.422618, 0.906308, 0.074954, 0.000000, 0.000000, 0.000000, 1.000000  
        134: 0.985357, -0.154530, 0.072058, -0.057647, 0.170505, 0.893037, -0.416430, 0.333144, 0.000000, 0.422618, 0.906308, 0.074954, 0.000000, 0.000000, 0.000000, 1.000000  
        135: 0.986952, -0.145927, 0.068047, -0.054438, 0.161013, 0.894483, -0.417104, 0.333683, 0.000000, 0.422618, 0.906308, 0.074954, 0.000000, 0.000000, 0.000000, 1.000000  
        136: 0.989371, -0.131788, 0.061454, -0.049163, 0.145412, 0.896675, -0.418126, 0.334501, 0.000000, 0.422618, 0.906308, 0.074954, 0.000000, 0.000000, 0.000000, 1.000000  
        137: 0.992212, -0.112888, 0.052640, -0.042112, 0.124558, 0.899250, -0.419327, 0.335462, 0.000000, 0.422618, 0.906308, 0.074954, 0.000000, 0.000000, 0.000000, 1.000000  
        138: 0.994981, -0.090692, 0.042290, -0.033832, 0.100067, 0.901759, -0.420497, 0.336398, 0.000000, 0.422618, 0.906308, 0.074954, 0.000000, 0.000000, 0.000000, 1.000000  
        139: 0.997241, -0.067277, 0.031371, -0.025097, 0.074232, 0.903807, -0.421452, 0.337162, 0.000000, 0.422618, 0.906308, 0.074954, 0.000000, 0.000000, 0.000000, 1.000000  
        140: 0.998768, -0.044982, 0.020975, -0.016780, 0.049632, 0.905191, -0.422097, 0.337678, 0.000000, 0.422618, 0.906308, 0.074954, 0.000000, 0.000000, 0.000000, 1.000000  
        141: 0.999591, -0.025921, 0.012087, -0.009670, 0.028601, 0.905937, -0.422445, 0.337956, 0.000000, 0.422618, 0.906308, 0.074954, 0.000000, 0.000000, 0.000000, 1.000000  
        142: 0.999918, -0.011616, 0.005416, -0.004333, 0.012816, 0.906233, -0.422584, 0.338067, 0.000000, 0.422618, 0.906308, 0.074954, 0.000000, 0.000000, 0.000000, 1.000000  
        143: 0.999995, -0.002892, 0.001349, -0.001079, 0.003191, 0.906303, -0.422616, 0.338093, 0.000000, 0.422618, 0.906308, 0.074954, 0.000000, 0.000000, 0.000000, 1.000000  
    RightArm:
        126: 0.996195, 0.000000, -0.087156, 0.123540, -0.022558, 0.965926, -0.257834, 0.116420, 0.084186, 0.258819, 0.962250, -0.037040, 0.000000, 0.000000, 0.000000, 1.000000  
        127: 0.996365, -0.008314, -0.084775, 0.122132, -0.014582, 0.963888, -0.265909, 0.127706, 0.083924, 0.266179, 0.960263, -0.034154, 0.000000, 0.000000, 0.000000, 1.000000  
        128: 0.996444, -0.032659, -0.077676, 0.117913, 0.008796, 0.957113, -0.289580, 0.160973, 0.083802, 0.287867, 0.953997, -0.025332, 0.000000, 0.000000, 0.000000, 1.000000  
        129: 0.995494, -0.069087, -0.064953, 0.108819, 0.044356, 0.944677, -0.324990, 0.211029, 0.083812, 0.320645, 0.943484, -0.010618, 0.000000, 0.000000, 0.000000, 1.000000  
        130: 0.992876, -0.109231, -0.047605, 0.094398, 0.084592, 0.927554, -0.363989, 0.266566, 0.083915, 0.357369, 0.930186, 0.007959, 0.000000, 0.000000, 0.000000, 1.000000  
        131: 0.989220, -0.143376, -0.029792, 0.078116, 0.119918, 0.909891, -0.397136, 0.314138, 0.084047, 0.389282, 0.917276, 0.025979, 0.000000, 0.000000, 0.000000, 1.000000  
        132: 0.986140, -0.165059, -0.016862, 0.065667, 0.142996, 0.897043, -0.418170, 0.344523, 0.084149, 0.409963, 0.908212, 0.038628, 0.000000, 0.000000, 0.000000, 1.000000  
        133: 0.984977, -0.172247, -0.012277, 0.061152, 0.150773, 0.892482, -0.425140, 0.354628, 0.084186, 0.416903, 0.905044, 0.043048, 0.000000, 0.000000, 0.000000, 1.000000  
        134: 0.985453, -0.169355, -0.014157, 0.063016, 0.147629, 0.894335, -0.422339, 0.350567, 0.084186, 0.414105, 0.906328, 0.041252, 0.000000, 0.000000, 0.000000, 1.000000  
        135: 0.986829, -0.160562, -0.019718, 0.068482, 0.138137, 0.899818, -0.413818, 0.338234, 0.084186, 0.405644, 0.910146, 0.035906, 0.000000, 0.000000, 0.000000, 1.000000  
        136: 0.988887, -0.145919, -0.028481, 0.076940, 0.122541, 0.908453, -0.399622, 0.317743, 0.084186, 0.391690, 0.916238, 0.027378, 0.000000, 0.000000, 0.000000, 1.000000  
        137: 0.991246, -0.125990, -0.039459, 0.087214, 0.101702, 0.919259, -0.380289, 0.289951, 0.084186, 0.372947, 0.924026, 0.016474, 0.000000, 0.000000, 0.000000, 1.000000  
        138: 0.993452, -0.102103, -0.051269, 0.097763, 0.077242, 0.930867, -0.357101, 0.256773, 0.084186, 0.350802, 0.932658, 0.004389, 0.000000, 0.000000, 0.000000, 1.000000  
        139: 0.995121, -0.076387, -0.062449, 0.107100, 0.051454, 0.941833, -0.332119, 0.221206, 0.084186, 0.327285, 0.941168, -0.007525, 0.000000, 0.000000, 0.000000, 1.000000  
        140: 0.996087, -0.051453, -0.071863, 0.114266, 0.026914, 0.951043, -0.307883, 0.186865, 0.084186, 0.304744, 0.948706, -0.018079, 0.000000, 0.000000, 0.000000, 1.000000  
        141: 0.996432, -0.029823, -0.078951, 0.119047, 0.005944, 0.957957, -0.286849, 0.157185, 0.084186, 0.285357, 0.954717, -0.026493, 0.000000, 0.000000, 0.000000, 1.000000  
        142: 0.996402, -0.013419, -0.083684, 0.121814, -0.009788, 0.962560, -0.270891, 0.134739, 0.084186, 0.270736, 0.958966, -0.032441, 0.000000, 0.000000, 0.000000, 1.000000  
        143: 0.996262, -0.003349, -0.086323, 0.123154, -0.019378, 0.965119, -0.261093, 0.120989, 0.084186, 0.261790, 0.961446, -0.035914, 0.000000, 0.000000, 0.000000, 1.000000  
    LeftArm:
        126: 0.996195, -0.000000, 0.087156, -0.123540, 0.022558, 0.965926, -0.257834, 0.116420, -0.084186, 0.258819, 0.962250, -0.037040, 0.000000, 0.000000, 0.000000, 1.000000  
        127: 0.925604, 0.045059, 0.375803, -0.553865, 0.056322, 0.965437, -0.254478, 0.122071, -0.374280, 0.256711, 0.891074, -0.053432, 0.000000, 0.000000, 0.000000, 1.000000  
        128: 0.527828, 0.105012, 0.842834, -1.360700, 0.099143, 0.977926, -0.183932, 0.031189, -0.843545, 0.180645, 0.505766, 0.298294, 0.000000, 0.000000, 0.000000, 1.000000  
        129: -0.083457, -0.021667, 0.996276, -1.810291, -0.042869, 0.998916, 0.018134, -0.322323, -0.995589, -0.041196, -0.084295, 1.063563, 0.000000, 0.000000, 0.000000, 1.000000  
        130: -0.347058, -0.340519, 0.873841, -1.732679, -0.359310, 0.908938, 0.211491, -0.734843, -0.866284, -0.240580, -0.437806, 1.610199, 0.000000, 0.000000, 0.000000, 1.000000  
        131: -0.112826, -0.707766, 0.697379, -1.381175, -0.574452, 0.619137, 0.535421, -1.287435, -0.810725, -0.340201, -0.476432, 1.686500, 0.000000, 0.000000, 0.000000, 1.000000  
        132: 0.338947, -0.898710, 0.278273, -0.606408, -0.475946, 0.091343, 0.874718, -1.731385, -0.811536, -0.428926, -0.396777, 1.574658, 0.000000, 0.000000, 0.000000, 1.000000  
        133: 0.569687, -0.821533, 0.023244, -0.154558, -0.278957, -0.166683, 0.945727, -1.754779, -0.773071, -0.545253, -0.324130, 1.488338, 0.000000, 0.000000, 0.000000, 1.000000  
        134: 0.690057, -0.723133, 0.029993, -0.116876, -0.104161, -0.058216, 0.992855, -1.749722, -0.716221, -0.688251, -0.115495, 1.218989, 0.000000, 0.000000, 0.000000, 1.000000  
        135: 0.805152, -0.581409, 0.117019, -0.195719, 0.152906, 0.394146, 0.906239, -1.522239, -0.573018, -0.711767, 0.406249, 0.545829, 0.000000, 0.000000, 0.000000, 1.000000  
        136: 0.894720, -0.417803, 0.157852, -0.221982, 0.274363, 0.793036, 0.543893, -0.960745, -0.352422, -0.443323, 0.824174, 0.048971, 0.000000, 0.000000, 0.000000, 1.000000  
        137: 0.936289, -0.315361, 0.154629, -0.207265, 0.266886, 0.924992, 0.270484, -0.573343, -0.228330, -0.211983, 0.950226, -0.077863, 0.000000, 0.000000, 0.000000, 1.000000  
        138: 0.958082, -0.245986, 0.146867, -0.194999, 0.230398, 0.966236, 0.115349, -0.361655, -0.170282, -0.076676, 0.982408, -0.099699, 0.000000, 0.000000, 0.000000, 1.000000  
        139: 0.975264, -0.177276, 0.132033, -0.174815, 0.181386, 0.983215, -0.019679, -0.182460, -0.126329, 0.043141, 0.991050, -0.094217, 0.000000, 0.000000, 0.000000, 1.000000  
        140: 0.986679, -0.115106, 0.114957, -0.153190, 0.129234, 0.983814, -0.124135, -0.047629, -0.098808, 0.137337, 0.985584, -0.075556, 0.000000, 0.000000, 0.000000, 1.000000  
        141: 0.992835, -0.064321, 0.100703, -0.136435, 0.083050, 0.977374, -0.194532, 0.040657, -0.085913, 0.201502, 0.975713, -0.056579, 0.000000, 0.000000, 0.000000, 1.000000  
        142: 0.995381, -0.027904, 0.091855, -0.127163, 0.048886, 0.970805, -0.234834, 0.089646, -0.082621, 0.238240, 0.967686, -0.044024, 0.000000, 0.000000, 0.000000, 1.000000  
        143: 0.996099, -0.006724, 0.087984, -0.123927, 0.028892, 0.966981, -0.253205, 0.111198, -0.083377, 0.254759, 0.963403, -0.038331, 0.000000, 0.000000, 0.000000, 1.000000  
    Head:
        126: 1.000000, -0.000000, -0.000000, 0.000000, -0.000000, 1.000000, 0.000000, -0.338095, 0.000000, -0.000000, 1.000000, -0.074954, 0.000000, 0.000000, 0.000000, 1.000000  
        127: 1.000000, -0.000000, -0.000000, 0.002674, 0.000000, 1.000000, 0.000000, -0.338084, 0.000000, -0.000000, 1.000000, -0.074954, 0.000000, 0.000000, 0.000000, 1.000000  
        128: 1.000000, -0.000000, -0.000000, 0.010587, 0.000000, 1.000000, 0.000000, -0.337929, 0.000000, -0.000000, 1.000000, -0.074954, 0.000000, 0.000000, 0.000000, 1.000000  
        129: 1.000000, -0.000000, -0.000000, 0.022641, 0.000000, 1.000000, 0.000000, -0.337336, 0.000000, -0.000000, 1.000000, -0.074954, 0.000000, 0.000000, 0.000000, 1.000000  
        130: 1.000000, -0.000000, 0.000000, 0.036281, 0.000000, 1.000000, 0.000000, -0.336142, 0.000000, -0.000000, 1.000000, -0.074954, 0.000000, 0.000000, 0.000000, 1.000000  
        131: 1.000000, -0.000000, -0.000000, 0.048255, -0.000000, 1.000000, 0.000000, -0.334633, 0.000000, -0.000000, 1.000000, -0.074954, 0.000000, 0.000000, 0.000000, 1.000000  
        132: 1.000000, 0.000000, -0.000000, 0.056074, -0.000000, 1.000000, 0.000000, -0.333412, 0.000000, -0.000000, 1.000000, -0.074954, 0.000000, 0.000000, 0.000000, 1.000000  
        133: 1.000000, -0.000000, -0.000000, 0.058710, 0.000000, 1.000000, 0.000000, -0.332958, -0.000000, -0.000000, 1.000000, -0.074954, 0.000000, 0.000000, 0.000000, 1.000000  
        134: 1.000000, -0.000000, -0.000000, 0.057647, 0.000000, 1.000000, -0.000000, -0.333144, -0.000000, 0.000000, 1.000000, -0.074954, 0.000000, 0.000000, 0.000000, 1.000000  
        135: 1.000000, -0.000000, -0.000000, 0.054438, 0.000000, 1.000000, -0.000000, -0.333683, 0.000000, -0.000000, 1.000000, -0.074954, 0.000000, 0.000000, 0.000000, 1.000000  
        136: 1.000000, -0.000000, -0.000000, 0.049163, 0.000000, 1.000000, 0.000000, -0.334501, 0.000000, -0.000000, 1.000000, -0.074954, 0.000000, 0.000000, 0.000000, 1.000000  
        137: 1.000000, -0.000000, -0.000000, 0.042112, 0.000000, 1.000000, 0.000000, -0.335462, -0.000000, -0.000000, 1.000000, -0.074954, 0.000000, 0.000000, 0.000000, 1.000000  
        138: 1.000000, -0.000000, -0.000000, 0.033832, 0.000000, 1.000000, 0.000000, -0.336398, 0.000000, -0.000000, 1.000000, -0.074954, 0.000000, 0.000000, 0.000000, 1.000000  
        139: 1.000000, -0.000000, -0.000000, 0.025097, 0.000000, 1.000000, 0.000000, -0.337162, 0.000000, -0.000000, 1.000000, -0.074954, 0.000000, 0.000000, 0.000000, 1.000000  
        140: 1.000000, -0.000000, -0.000000, 0.016780, 0.000000, 1.000000, 0.000000, -0.337678, 0.000000, -0.000000, 1.000000, -0.074954, 0.000000, 0.000000, 0.000000, 1.000000  
        141: 1.000000, -0.000000, -0.000000, 0.009670, 0.000000, 1.000000, -0.000000, -0.337956, 0.000000, -0.000000, 1.000000, -0.074954, 0.000000, 0.000000, 0.000000, 1.000000  
        142: 1.000000, -0.000000, -0.000000, 0.004333, 0.000000, 1.000000, 0.000000, -0.338067, 0.000000, -0.000000, 1.000000, -0.074954, 0.000000, 0.000000, 0.000000, 1.000000  
        143: 1.000000, -0.000000, -0.000000, 0.001079, 0.000000, 1.000000, 0.000000, -0.338093, 0.000000, -0.000000, 1.000000, -0.074954, 0.000000, 0.000000, 0.000000, 1.000000  
    LeftLeg:
        126: 1.000000, -0.000000, 0.000000, 0.000000, 0.000000, 1.000000, 0.000000, 0.042262, -0.000000, -0.000000, 1.000000, 0.009369, 0.000000, 0.000000, 0.000000, 1.000000  
        127: 1.000000, -0.000000, -0.000000, -0.000255, 0.000000, 1.000000, 0.000000, 0.042257, 0.000000, -0.000000, 1.000000, 0.009369, 0.000000, 0.000000, 0.000000, 1.000000  
        128: 1.000000, -0.000000, -0.000000, -0.001055, 0.000000, 1.000000, 0.000000, 0.042233, 0.000000, -0.000000, 1.000000, 0.009369, 0.000000, 0.000000, 0.000000, 1.000000  
        129: 1.000000, -0.000000, -0.000000, -0.002398, 0.000000, 1.000000, 0.000000, 0.042162, 0.000000, -0.000000, 1.000000, 0.009369, 0.000000, 0.000000, 0.000000, 1.000000  
        130: 1.000000, -0.000000, -0.000000, -0.004103, 0.000000, 1.000000, 0.000000, 0.042022, 0.000000, -0.000000, 1.000000, 0.009369, 0.000000, 0.000000, 0.000000, 1.000000  
        131: 1.000000, -0.000000, -0.000000, -0.005763, 0.000000, 1.000000, 0.000000, 0.041837, 0.000000, -0.000000, 1.000000, 0.009369, 0.000000, 0.000000, 0.000000, 1.000000  
        132: 1.000000, -0.000000, -0.000000, -0.006930, 0.000000, 1.000000, 0.000000, 0.041680, 0.000000, -0.000000, 1.000000, 0.009369, 0.000000, 0.000000, 0.000000, 1.000000  
        133: 1.000000, -0.000000, -0.000000, -0.007339, 0.000000, 1.000000, 0.000000, 0.041620, -0.000000, -0.000000, 1.000000, 0.009369, 0.000000, 0.000000, 0.000000, 1.000000  
        134: 1.000000, -0.000000, -0.000000, -0.007173, 0.000000, 1.000000, -0.000000, 0.041644, -0.000000, 0.000000, 1.000000, 0.009369, 0.000000, 0.000000, 0.000000, 1.000000  
        135: 1.000000, -0.000000, -0.000000, -0.006680, 0.000000, 1.000000, 0.000000, 0.041715, 0.000000, -0.000000, 1.000000, 0.009369, 0.000000, 0.000000, 0.000000, 1.000000  
        136: 1.000000, -0.000000, -0.000000, -0.005895, 0.000000, 1.000000, 0.000000, 0.041820, 0.000000, -0.000000, 1.000000, 0.009369, 0.000000, 0.000000, 0.000000, 1.000000  
        137: 1.000000, -0.000000, -0.000000, -0.004892, 0.000000, 1.000000, 0.000000, 0.041940, -0.000000, -0.000000, 1.000000, 0.009369, 0.000000, 0.000000, 0.000000, 1.000000  
        138: 1.000000, -0.000000, -0.000000, -0.003782, 0.000000, 1.000000, 0.000000, 0.042052, 0.000000, -0.000000, 1.000000, 0.009369, 0.000000, 0.000000, 0.000000, 1.000000  
        139: 1.000000, -0.000000, -0.000000, -0.002691, 0.000000, 1.000000, 0.000000, 0.042142, 0.000000, -0.000000, 1.000000, 0.009369, 0.000000, 0.000000, 0.000000, 1.000000  
        140: 1.000000, -0.000000, -0.000000, -0.001726, 0.000000, 1.000000, 0.000000, 0.042203, -0.000000, -0.000000, 1.000000, 0.009369, 0.000000, 0.000000, 0.000000, 1.000000  
        141: 1.000000, -0.000000, 0.000000, -0.000958, 0.000000, 1.000000, 0.000000, 0.042237, -0.000000, -0.000000, 1.000000, 0.009369, 0.000000, 0.000000, 0.000000, 1.000000  
        142: 1.000000, -0.000000, 0.000000, -0.000417, 0.000000, 1.000000, 0.000000, 0.042254, -0.000000, -0.000000, 1.000000, 0.009369, 0.000000, 0.000000, 0.000000, 1.000000  
        143: 1.000000, -0.000000, 0.000000, -0.000102, 0.000000, 1.000000, 0.000000, 0.042260, -0.000000, -0.000000, 1.000000, 0.009369, 0.000000, 0.000000, 0.000000, 1.000000  
    RightLeg:
        126: 1.000000, -0.000000, 0.000000, -0.000000, 0.000000, 1.000000, 0.000000, 0.042262, -0.000000, -0.000000, 1.000000, 0.009369, 0.000000, 0.000000, 0.000000, 1.000000  
        127: 1.000000, -0.000000, -0.000000, -0.000413, 0.000000, 1.000000, 0.000000, 0.042264, 0.000000, -0.000000, 1.000000, 0.009369, 0.000000, 0.000000, 0.000000, 1.000000  
        128: 1.000000, -0.000000, -0.000000, -0.001592, 0.000000, 1.000000, 0.000000, 0.042249, 0.000000, -0.000000, 1.000000, 0.009369, 0.000000, 0.000000, 0.000000, 1.000000  
        129: 1.000000, -0.000000, -0.000000, -0.003262, 0.000000, 1.000000, 0.000000, 0.042171, 0.000000, -0.000000, 1.000000, 0.009369, 0.000000, 0.000000, 0.000000, 1.000000  
        130: 1.000000, -0.000000, -0.000000, -0.004967, 0.000000, 1.000000, 0.000000, 0.042013, 0.000000, -0.000000, 1.000000, 0.009369, 0.000000, 0.000000, 0.000000, 1.000000  
        131: 1.000000, -0.000000, -0.000000, -0.006301, 0.000000, 1.000000, 0.000000, 0.041822, 0.000000, -0.000000, 1.000000, 0.009369, 0.000000, 0.000000, 0.000000, 1.000000  
        132: 1.000000, -0.000000, -0.000000, -0.007088, 0.000000, 1.000000, 0.000000, 0.041673, 0.000000, -0.000000, 1.000000, 0.009369, 0.000000, 0.000000, 0.000000, 1.000000  
        133: 1.000000, -0.000000, -0.000000, -0.007339, 0.000000, 1.000000, 0.000000, 0.041620, -0.000000, -0.000000, 1.000000, 0.009369, 0.000000, 0.000000, 0.000000, 1.000000  
        134: 1.000000, -0.000000, -0.000000, -0.007239, 0.000000, 1.000000, -0.000000, 0.041642, -0.000000, 0.000000, 1.000000, 0.009369, 0.000000, 0.000000, 0.000000, 1.000000  
        135: 1.000000, -0.000000, -0.000000, -0.006929, 0.000000, 1.000000, 0.000000, 0.041706, 0.000000, -0.000000, 1.000000, 0.009369, 0.000000, 0.000000, 0.000000, 1.000000  
        136: 1.000000, -0.000000, -0.000000, -0.006396, 0.000000, 1.000000, 0.000000, 0.041805, 0.000000, -0.000000, 1.000000, 0.009369, 0.000000, 0.000000, 0.000000, 1.000000  
        137: 1.000000, -0.000000, -0.000000, -0.005636, 0.000000, 1.000000, 0.000000, 0.041926, -0.000000, -0.000000, 1.000000, 0.009369, 0.000000, 0.000000, 0.000000, 1.000000  
        138: 1.000000, -0.000000, -0.000000, -0.004676, 0.000000, 1.000000, 0.000000, 0.042047, 0.000000, -0.000000, 1.000000, 0.009369, 0.000000, 0.000000, 0.000000, 1.000000  
        139: 1.000000, -0.000000, -0.000000, -0.003584, 0.000000, 1.000000, 0.000000, 0.042148, 0.000000, -0.000000, 1.000000, 0.009369, 0.000000, 0.000000, 0.000000, 1.000000  
        140: 1.000000, -0.000000, -0.000000, -0.002469, 0.000000, 1.000000, 0.000000, 0.042217, -0.000000, -0.000000, 1.000000, 0.009369, 0.000000, 0.000000, 0.000000, 1.000000  
        141: 1.000000, -0.000000, 0.000000, -0.001459, 0.000000, 1.000000, 0.000000, 0.042252, -0.000000, -0.000000, 1.000000, 0.009369, 0.000000, 0.000000, 0.000000, 1.000000  
        142: 1.000000, -0.000000, 0.000000, -0.000666, 0.000000, 1.000000, 0.000000, 0.042263, -0.000000, -0.000000, 1.000000, 0.009369, 0.000000, 0.000000, 0.000000, 1.000000  
        143: 1.000000, -0.000000, 0.000000, -0.000168, 0.000000, 1.000000, 0.000000, 0.042263, -0.000000, -0.000000, 1.000000, 0.009369, 0.000000, 0.000000, 0.000000, 1.000000  
