Skeleton: skeleton://Vanilla/entities/human/human.ske
frames: 24
delay: 0.041667
bones_data:
    Torso:
        30: 1.000000, 0.000000, 0.000000, 0.000000, 0.000000, 1.000000, 0.000000, 0.000000, 0.000000, 0.000000, 1.000000, -0.000000, 0.000000, 0.000000, 0.000000, 1.000000  
        31: 1.000000, 0.000000, 0.000000, 0.000000, 0.000000, 1.000000, 0.000000, 0.000000, 0.000000, 0.000000, 1.000000, -0.000000, 0.000000, 0.000000, 0.000000, 1.000000  
        32: 1.000000, 0.000000, 0.000000, 0.000000, 0.000000, 1.000000, 0.000000, 0.000000, 0.000000, 0.000000, 1.000000, -0.000000, 0.000000, 0.000000, 0.000000, 1.000000  
        33: 1.000000, 0.000000, 0.000000, 0.000000, 0.000000, 1.000000, 0.000000, 0.000000, 0.000000, 0.000000, 1.000000, -0.000000, 0.000000, 0.000000, 0.000000, 1.000000  
        34: 1.000000, 0.000000, 0.000000, 0.000000, 0.000000, 1.000000, 0.000000, 0.000000, 0.000000, 0.000000, 1.000000, -0.000000, 0.000000, 0.000000, 0.000000, 1.000000  
        35: 1.000000, 0.000000, 0.000000, 0.000000, 0.000000, 1.000000, 0.000000, 0.000000, 0.000000, 0.000000, 1.000000, -0.000000, 0.000000, 0.000000, 0.000000, 1.000000  
        36: 1.000000, 0.000000, 0.000000, 0.000000, 0.000000, 1.000000, 0.000000, 0.000000, 0.000000, 0.000000, 1.000000, -0.000000, 0.000000, 0.000000, 0.000000, 1.000000  
        37: 1.000000, 0.000000, 0.000000, 0.000000, 0.000000, 1.000000, 0.000000, 0.000000, 0.000000, 0.000000, 1.000000, -0.000000, 0.000000, 0.000000, 0.000000, 1.000000  
        38: 1.000000, 0.000000, 0.000000, 0.000000, 0.000000, 1.000000, 0.000000, 0.000000, 0.000000, 0.000000, 1.000000, -0.000000, 0.000000, 0.000000, 0.000000, 1.000000  
        39: 1.000000, 0.000000, 0.000000, 0.000000, 0.000000, 1.000000, 0.000000, 0.000000, 0.000000, 0.000000, 1.000000, -0.000000, 0.000000, 0.000000, 0.000000, 1.000000  
        40: 1.000000, 0.000000, 0.000000, 0.000000, 0.000000, 1.000000, 0.000000, 0.000000, 0.000000, 0.000000, 1.000000, -0.000000, 0.000000, 0.000000, 0.000000, 1.000000  
        41: 1.000000, 0.000000, 0.000000, 0.000000, 0.000000, 1.000000, 0.000000, 0.000000, 0.000000, 0.000000, 1.000000, -0.000000, 0.000000, 0.000000, 0.000000, 1.000000  
        42: 1.000000, 0.000000, 0.000000, 0.000000, 0.000000, 1.000000, 0.000000, 0.000000, 0.000000, 0.000000, 1.000000, -0.000000, 0.000000, 0.000000, 0.000000, 1.000000  
        43: 1.000000, 0.000000, 0.000000, 0.000000, 0.000000, 1.000000, 0.000000, 0.000000, 0.000000, 0.000000, 1.000000, -0.000000, 0.000000, 0.000000, 0.000000, 1.000000  
        44: 1.000000, 0.000000, 0.000000, 0.000000, 0.000000, 1.000000, 0.000000, 0.000000, 0.000000, 0.000000, 1.000000, -0.000000, 0.000000, 0.000000, 0.000000, 1.000000  
        45: 1.000000, 0.000000, 0.000000, 0.000000, 0.000000, 1.000000, 0.000000, 0.000000, 0.000000, 0.000000, 1.000000, -0.000000, 0.000000, 0.000000, 0.000000, 1.000000  
        46: 1.000000, 0.000000, 0.000000, 0.000000, 0.000000, 1.000000, 0.000000, 0.000000, 0.000000, 0.000000, 1.000000, -0.000000, 0.000000, 0.000000, 0.000000, 1.000000  
        47: 1.000000, 0.000000, 0.000000, 0.000000, 0.000000, 1.000000, 0.000000, 0.000000, 0.000000, 0.000000, 1.000000, -0.000000, 0.000000, 0.000000, 0.000000, 1.000000  
        48: 1.000000, 0.000000, 0.000000, 0.000000, 0.000000, 1.000000, 0.000000, 0.000000, 0.000000, 0.000000, 1.000000, -0.000000, 0.000000, 0.000000, 0.000000, 1.000000  
        49: 1.000000, 0.000000, 0.000000, 0.000000, 0.000000, 1.000000, 0.000000, 0.000000, 0.000000, 0.000000, 1.000000, -0.000000, 0.000000, 0.000000, 0.000000, 1.000000  
        50: 1.000000, 0.000000, 0.000000, 0.000000, 0.000000, 1.000000, 0.000000, 0.000000, 0.000000, 0.000000, 1.000000, -0.000000, 0.000000, 0.000000, 0.000000, 1.000000  
        51: 1.000000, 0.000000, 0.000000, 0.000000, 0.000000, 1.000000, 0.000000, 0.000000, 0.000000, 0.000000, 1.000000, -0.000000, 0.000000, 0.000000, 0.000000, 1.000000  
        52: 1.000000, 0.000000, 0.000000, 0.000000, 0.000000, 1.000000, 0.000000, 0.000000, 0.000000, 0.000000, 1.000000, -0.000000, 0.000000, 0.000000, 0.000000, 1.000000  
        53: 1.000000, 0.000000, 0.000000, 0.000000, 0.000000, 1.000000, 0.000000, 0.000000, 0.000000, 0.000000, 1.000000, -0.000000, 0.000000, 0.000000, 0.000000, 1.000000  
    RightArm:
        30: 1.000000, 0.000000, -0.000000, 0.000000, 0.000000, 1.000000, 0.000000, 0.000000, 0.000000, -0.000000, 1.000000, -0.000000, 0.000000, 0.000000, 0.000000, 1.000000  
        31: 1.000000, -0.000000, 0.000000, 0.000000, -0.000000, 0.999870, 0.016135, -0.022589, -0.000000, -0.016135, 0.999870, 0.000182, 0.000000, 0.000000, 0.000000, 1.000000  
        32: 1.000000, -0.000000, 0.000000, 0.000000, -0.000000, 0.998005, 0.063129, -0.088381, -0.000000, -0.063129, 0.998005, 0.002792, 0.000000, 0.000000, 0.000000, 1.000000  
        33: 1.000000, -0.000000, 0.000000, 0.000000, -0.000000, 0.991444, 0.130530, -0.182742, -0.000000, -0.130530, 0.991444, 0.011978, 0.000000, 0.000000, 0.000000, 1.000000  
        34: 1.000000, -0.000000, 0.000000, 0.000000, -0.000000, 0.980337, 0.197330, -0.276262, -0.000000, -0.197330, 0.980337, 0.027528, 0.000000, 0.000000, 0.000000, 1.000000  
        35: 1.000000, 0.000000, 0.000000, 0.000000, -0.000000, 0.969976, 0.243202, -0.340483, -0.000000, -0.243202, 0.969976, 0.042034, 0.000000, 0.000000, 0.000000, 1.000000  
        36: 1.000000, 0.000000, -0.000000, 0.000000, -0.000000, 0.965926, 0.258819, -0.362347, -0.000000, -0.258819, 0.965926, 0.047704, 0.000000, 0.000000, 0.000000, 1.000000  
        37: 1.000000, 0.000000, -0.000000, 0.000000, 0.000000, 0.968768, 0.247970, -0.347158, 0.000000, -0.247970, 0.968768, 0.043725, 0.000000, 0.000000, 0.000000, 1.000000  
        38: 1.000000, -0.000000, 0.000000, 0.000000, -0.000000, 0.976698, 0.214620, -0.300468, -0.000000, -0.214620, 0.976698, 0.032623, 0.000000, 0.000000, 0.000000, 1.000000  
        39: 1.000000, -0.000000, 0.000000, 0.000000, -0.000000, 0.986788, 0.162019, -0.226827, -0.000000, -0.162019, 0.986788, 0.018497, 0.000000, 0.000000, 0.000000, 1.000000  
        40: 1.000000, -0.000000, 0.000000, 0.000000, -0.000000, 0.994913, 0.100739, -0.141034, -0.000000, -0.100739, 0.994913, 0.007122, 0.000000, 0.000000, 0.000000, 1.000000  
        41: 1.000000, -0.000000, 0.000000, 0.000000, -0.000000, 0.999035, 0.043918, -0.061486, -0.000000, -0.043918, 0.999035, 0.001351, 0.000000, 0.000000, 0.000000, 1.000000  
        42: 1.000000, 0.000000, -0.000000, 0.000000, 0.000000, 1.000000, 0.000000, 0.000000, 0.000000, -0.000000, 1.000000, -0.000000, 0.000000, 0.000000, 0.000000, 1.000000  
        43: 1.000000, 0.000000, -0.000000, 0.000000, -0.000000, 0.999257, -0.038552, 0.053972, 0.000000, 0.038552, 0.999257, 0.001041, 0.000000, 0.000000, 0.000000, 1.000000  
        44: 1.000000, -0.000000, -0.000000, 0.000000, -0.000000, 0.996813, -0.079777, 0.111688, 0.000000, 0.079777, 0.996813, 0.004462, 0.000000, 0.000000, 0.000000, 1.000000  
        45: 1.000000, 0.000000, -0.000000, 0.000000, 0.000000, 0.992915, -0.118830, 0.166362, -0.000000, 0.118830, 0.992915, 0.009919, 0.000000, 0.000000, 0.000000, 1.000000  
        46: 1.000000, 0.000000, 0.000000, 0.000000, 0.000000, 0.988756, -0.149540, 0.209355, -0.000000, 0.149540, 0.988756, 0.015742, 0.000000, 0.000000, 0.000000, 1.000000  
        47: 1.000000, -0.000000, 0.000000, 0.000000, 0.000000, 0.985804, -0.167902, 0.235063, -0.000000, 0.167902, 0.985804, 0.019875, 0.000000, 0.000000, 0.000000, 1.000000  
        48: 1.000000, 0.000000, -0.000000, 0.000000, -0.000000, 0.984808, -0.173648, 0.243107, 0.000000, 0.173648, 0.984808, 0.021269, 0.000000, 0.000000, 0.000000, 1.000000  
        49: 1.000000, -0.000000, -0.000000, 0.000000, -0.000000, 0.986621, -0.163032, 0.228245, 0.000000, 0.163032, 0.986621, 0.018731, 0.000000, 0.000000, 0.000000, 1.000000  
        50: 1.000000, -0.000000, -0.000000, 0.000000, -0.000000, 0.991248, -0.132011, 0.184815, 0.000000, 0.132011, 0.991248, 0.012252, 0.000000, 0.000000, 0.000000, 1.000000  
        51: 1.000000, -0.000000, -0.000000, 0.000000, -0.000000, 0.996194, -0.087160, 0.122024, 0.000000, 0.087160, 0.996194, 0.005328, 0.000000, 0.000000, 0.000000, 1.000000  
        52: 1.000000, -0.000000, -0.000000, 0.000000, -0.000000, 0.999112, -0.042130, 0.058982, 0.000000, 0.042130, 0.999112, 0.001243, 0.000000, 0.000000, 0.000000, 1.000000  
        53: 1.000000, 0.000000, -0.000000, 0.000000, 0.000000, 0.999942, -0.010772, 0.015080, 0.000000, 0.010772, 0.999942, 0.000081, 0.000000, 0.000000, 0.000000, 1.000000  
    LeftArm:
        30: 1.000000, -0.000000, -0.000000, -0.000000, 0.000000, 1.000000, 0.000000, 0.000000, 0.000000, -0.000000, 1.000000, -0.000000, 0.000000, 0.000000, 0.000000, 1.000000  
        31: 1.000000, -0.000000, -0.000000, -0.000000, 0.000000, 0.999942, -0.010770, 0.015078, 0.000000, 0.010770, 0.999942, 0.000081, 0.000000, 0.000000, 0.000000, 1.000000  
        32: 1.000000, -0.000000, -0.000000, -0.000000, 0.000000, 0.999112, -0.042127, 0.058977, 0.000000, 0.042127, 0.999112, 0.001243, 0.000000, 0.000000, 0.000000, 1.000000  
        33: 1.000000, -0.000000, -0.000000, -0.000000, -0.000000, 0.996195, -0.087157, 0.122020, 0.000000, 0.087157, 0.996195, 0.005328, 0.000000, 0.000000, 0.000000, 1.000000  
        34: 1.000000, -0.000000, -0.000000, -0.000000, -0.000000, 0.991248, -0.132009, 0.184813, 0.000000, 0.132009, 0.991248, 0.012252, 0.000000, 0.000000, 0.000000, 1.000000  
        35: 1.000000, -0.000000, -0.000000, -0.000000, 0.000000, 0.986621, -0.163032, 0.228245, 0.000000, 0.163032, 0.986621, 0.018731, 0.000000, 0.000000, 0.000000, 1.000000  
        36: 1.000000, -0.000000, -0.000000, -0.000000, -0.000000, 0.984808, -0.173648, 0.243107, 0.000000, 0.173648, 0.984808, 0.021269, 0.000000, 0.000000, 0.000000, 1.000000  
        37: 1.000000, -0.000000, 0.000000, -0.000000, 0.000000, 0.985804, -0.167902, 0.235063, -0.000000, 0.167902, 0.985804, 0.019875, 0.000000, 0.000000, 0.000000, 1.000000  
        38: 1.000000, -0.000000, 0.000000, -0.000000, 0.000000, 0.988756, -0.149540, 0.209355, -0.000000, 0.149540, 0.988756, 0.015742, 0.000000, 0.000000, 0.000000, 1.000000  
        39: 1.000000, -0.000000, -0.000000, -0.000000, 0.000000, 0.992915, -0.118830, 0.166362, -0.000000, 0.118830, 0.992915, 0.009919, 0.000000, 0.000000, 0.000000, 1.000000  
        40: 1.000000, -0.000000, -0.000000, -0.000000, -0.000000, 0.996813, -0.079777, 0.111688, 0.000000, 0.079777, 0.996813, 0.004462, 0.000000, 0.000000, 0.000000, 1.000000  
        41: 1.000000, -0.000000, -0.000000, -0.000000, -0.000000, 0.999257, -0.038552, 0.053972, 0.000000, 0.038552, 0.999257, 0.001041, 0.000000, 0.000000, 0.000000, 1.000000  
        42: 1.000000, -0.000000, -0.000000, -0.000000, 0.000000, 1.000000, 0.000000, 0.000000, 0.000000, -0.000000, 1.000000, -0.000000, 0.000000, 0.000000, 0.000000, 1.000000  
        43: 1.000000, -0.000000, 0.000000, -0.000000, -0.000000, 0.999035, 0.043919, -0.061486, -0.000000, -0.043919, 0.999035, 0.001351, 0.000000, 0.000000, 0.000000, 1.000000  
        44: 1.000000, -0.000000, 0.000000, -0.000000, -0.000000, 0.994913, 0.100739, -0.141034, -0.000000, -0.100739, 0.994913, 0.007122, 0.000000, 0.000000, 0.000000, 1.000000  
        45: 1.000000, -0.000000, 0.000000, -0.000000, -0.000000, 0.986788, 0.162019, -0.226827, -0.000000, -0.162019, 0.986788, 0.018497, 0.000000, 0.000000, 0.000000, 1.000000  
        46: 1.000000, -0.000000, 0.000000, -0.000000, -0.000000, 0.976698, 0.214620, -0.300468, -0.000000, -0.214620, 0.976698, 0.032623, 0.000000, 0.000000, 0.000000, 1.000000  
        47: 1.000000, -0.000000, -0.000000, -0.000000, 0.000000, 0.968768, 0.247970, -0.347158, 0.000000, -0.247970, 0.968768, 0.043725, 0.000000, 0.000000, 0.000000, 1.000000  
        48: 1.000000, -0.000000, -0.000000, -0.000000, -0.000000, 0.965926, 0.258819, -0.362347, -0.000000, -0.258819, 0.965926, 0.047704, 0.000000, 0.000000, 0.000000, 1.000000  
        49: 1.000000, -0.000000, 0.000000, -0.000000, -0.000000, 0.969975, 0.243203, -0.340484, -0.000000, -0.243203, 0.969975, 0.042034, 0.000000, 0.000000, 0.000000, 1.000000  
        50: 1.000000, -0.000000, 0.000000, -0.000000, -0.000000, 0.980336, 0.197335, -0.276269, -0.000000, -0.197335, 0.980336, 0.027529, 0.000000, 0.000000, 0.000000, 1.000000  
        51: 1.000000, -0.000000, 0.000000, -0.000000, -0.000000, 0.991443, 0.130541, -0.182757, -0.000000, -0.130541, 0.991443, 0.011980, 0.000000, 0.000000, 0.000000, 1.000000  
        52: 1.000000, -0.000000, 0.000000, -0.000000, -0.000000, 0.998005, 0.063140, -0.088396, -0.000000, -0.063140, 0.998005, 0.002793, 0.000000, 0.000000, 0.000000, 1.000000  
        53: 1.000000, -0.000000, 0.000000, -0.000000, -0.000000, 0.999870, 0.016139, -0.022595, -0.000000, -0.016139, 0.999870, 0.000182, 0.000000, 0.000000, 0.000000, 1.000000  
    Head:
        30: 1.000000, -0.000000, 0.000000, 0.000000, -0.000000, 1.000000, -0.000000, -0.000000, -0.000000, -0.000000, 1.000000, -0.000000, 0.000000, 0.000000, 0.000000, 1.000000  
        31: 1.000000, -0.000000, 0.000000, 0.000000, -0.000000, 1.000000, -0.000000, -0.000000, -0.000000, -0.000000, 1.000000, -0.000000, 0.000000, 0.000000, 0.000000, 1.000000  
        32: 1.000000, -0.000000, 0.000000, 0.000000, -0.000000, 1.000000, -0.000000, -0.000000, -0.000000, -0.000000, 1.000000, -0.000000, 0.000000, 0.000000, 0.000000, 1.000000  
        33: 1.000000, -0.000000, 0.000000, 0.000000, -0.000000, 1.000000, -0.000000, -0.000000, -0.000000, -0.000000, 1.000000, -0.000000, 0.000000, 0.000000, 0.000000, 1.000000  
        34: 1.000000, -0.000000, 0.000000, 0.000000, -0.000000, 1.000000, -0.000000, -0.000000, -0.000000, -0.000000, 1.000000, -0.000000, 0.000000, 0.000000, 0.000000, 1.000000  
        35: 1.000000, -0.000000, 0.000000, 0.000000, -0.000000, 1.000000, -0.000000, -0.000000, -0.000000, -0.000000, 1.000000, -0.000000, 0.000000, 0.000000, 0.000000, 1.000000  
        36: 1.000000, -0.000000, 0.000000, 0.000000, -0.000000, 1.000000, -0.000000, -0.000000, -0.000000, -0.000000, 1.000000, -0.000000, 0.000000, 0.000000, 0.000000, 1.000000  
        37: 1.000000, -0.000000, 0.000000, 0.000000, -0.000000, 1.000000, -0.000000, -0.000000, -0.000000, -0.000000, 1.000000, -0.000000, 0.000000, 0.000000, 0.000000, 1.000000  
        38: 1.000000, -0.000000, 0.000000, 0.000000, -0.000000, 1.000000, -0.000000, -0.000000, -0.000000, -0.000000, 1.000000, -0.000000, 0.000000, 0.000000, 0.000000, 1.000000  
        39: 1.000000, -0.000000, 0.000000, 0.000000, -0.000000, 1.000000, -0.000000, -0.000000, -0.000000, -0.000000, 1.000000, -0.000000, 0.000000, 0.000000, 0.000000, 1.000000  
        40: 1.000000, -0.000000, 0.000000, 0.000000, -0.000000, 1.000000, -0.000000, -0.000000, -0.000000, -0.000000, 1.000000, -0.000000, 0.000000, 0.000000, 0.000000, 1.000000  
        41: 1.000000, -0.000000, 0.000000, 0.000000, -0.000000, 1.000000, -0.000000, -0.000000, -0.000000, -0.000000, 1.000000, -0.000000, 0.000000, 0.000000, 0.000000, 1.000000  
        42: 1.000000, -0.000000, 0.000000, 0.000000, -0.000000, 1.000000, -0.000000, -0.000000, -0.000000, -0.000000, 1.000000, -0.000000, 0.000000, 0.000000, 0.000000, 1.000000  
        43: 1.000000, -0.000000, 0.000000, 0.000000, -0.000000, 1.000000, -0.000000, -0.000000, -0.000000, -0.000000, 1.000000, -0.000000, 0.000000, 0.000000, 0.000000, 1.000000  
        44: 1.000000, -0.000000, 0.000000, 0.000000, -0.000000, 1.000000, -0.000000, -0.000000, -0.000000, -0.000000, 1.000000, -0.000000, 0.000000, 0.000000, 0.000000, 1.000000  
        45: 1.000000, -0.000000, 0.000000, 0.000000, -0.000000, 1.000000, -0.000000, -0.000000, -0.000000, -0.000000, 1.000000, -0.000000, 0.000000, 0.000000, 0.000000, 1.000000  
        46: 1.000000, -0.000000, 0.000000, 0.000000, -0.000000, 1.000000, -0.000000, -0.000000, -0.000000, -0.000000, 1.000000, -0.000000, 0.000000, 0.000000, 0.000000, 1.000000  
        47: 1.000000, -0.000000, 0.000000, 0.000000, -0.000000, 1.000000, -0.000000, -0.000000, -0.000000, -0.000000, 1.000000, -0.000000, 0.000000, 0.000000, 0.000000, 1.000000  
        48: 1.000000, -0.000000, 0.000000, 0.000000, -0.000000, 1.000000, -0.000000, -0.000000, -0.000000, -0.000000, 1.000000, -0.000000, 0.000000, 0.000000, 0.000000, 1.000000  
        49: 1.000000, -0.000000, 0.000000, 0.000000, -0.000000, 1.000000, -0.000000, -0.000000, -0.000000, -0.000000, 1.000000, -0.000000, 0.000000, 0.000000, 0.000000, 1.000000  
        50: 1.000000, -0.000000, 0.000000, 0.000000, -0.000000, 1.000000, -0.000000, -0.000000, -0.000000, -0.000000, 1.000000, -0.000000, 0.000000, 0.000000, 0.000000, 1.000000  
        51: 1.000000, -0.000000, 0.000000, 0.000000, -0.000000, 1.000000, -0.000000, -0.000000, -0.000000, -0.000000, 1.000000, -0.000000, 0.000000, 0.000000, 0.000000, 1.000000  
        52: 1.000000, -0.000000, 0.000000, 0.000000, -0.000000, 1.000000, -0.000000, -0.000000, -0.000000, -0.000000, 1.000000, -0.000000, 0.000000, 0.000000, 0.000000, 1.000000  
        53: 1.000000, -0.000000, 0.000000, 0.000000, -0.000000, 1.000000, -0.000000, -0.000000, -0.000000, -0.000000, 1.000000, -0.000000, 0.000000, 0.000000, 0.000000, 1.000000  
    LeftLeg:
        30: 1.000000, 0.000000, -0.000000, 0.000000, 0.000000, 1.000000, -0.000000, -0.000000, 0.000000, -0.000000, 1.000000, -0.000000, 0.000000, 0.000000, 0.000000, 1.000000  
        31: 1.000000, 0.000000, -0.000000, 0.000000, 0.000000, 1.000000, -0.000000, -0.000000, 0.000000, -0.000000, 1.000000, -0.000000, 0.000000, 0.000000, 0.000000, 1.000000  
        32: 1.000000, 0.000000, -0.000000, 0.000000, 0.000000, 1.000000, -0.000000, -0.000000, 0.000000, -0.000000, 1.000000, -0.000000, 0.000000, 0.000000, 0.000000, 1.000000  
        33: 1.000000, 0.000000, -0.000000, 0.000000, 0.000000, 1.000000, -0.000000, -0.000000, 0.000000, -0.000000, 1.000000, -0.000000, 0.000000, 0.000000, 0.000000, 1.000000  
        34: 1.000000, 0.000000, -0.000000, 0.000000, 0.000000, 1.000000, -0.000000, -0.000000, 0.000000, -0.000000, 1.000000, -0.000000, 0.000000, 0.000000, 0.000000, 1.000000  
        35: 1.000000, 0.000000, -0.000000, 0.000000, 0.000000, 1.000000, -0.000000, -0.000000, 0.000000, -0.000000, 1.000000, -0.000000, 0.000000, 0.000000, 0.000000, 1.000000  
        36: 1.000000, 0.000000, -0.000000, 0.000000, 0.000000, 1.000000, -0.000000, -0.000000, 0.000000, -0.000000, 1.000000, -0.000000, 0.000000, 0.000000, 0.000000, 1.000000  
        37: 1.000000, 0.000000, -0.000000, 0.000000, 0.000000, 1.000000, -0.000000, -0.000000, 0.000000, -0.000000, 1.000000, -0.000000, 0.000000, 0.000000, 0.000000, 1.000000  
        38: 1.000000, 0.000000, -0.000000, 0.000000, 0.000000, 1.000000, -0.000000, -0.000000, 0.000000, -0.000000, 1.000000, -0.000000, 0.000000, 0.000000, 0.000000, 1.000000  
        39: 1.000000, 0.000000, -0.000000, 0.000000, 0.000000, 1.000000, -0.000000, -0.000000, 0.000000, -0.000000, 1.000000, -0.000000, 0.000000, 0.000000, 0.000000, 1.000000  
        40: 1.000000, 0.000000, -0.000000, 0.000000, 0.000000, 1.000000, -0.000000, -0.000000, 0.000000, -0.000000, 1.000000, -0.000000, 0.000000, 0.000000, 0.000000, 1.000000  
        41: 1.000000, 0.000000, -0.000000, 0.000000, 0.000000, 1.000000, -0.000000, -0.000000, 0.000000, -0.000000, 1.000000, -0.000000, 0.000000, 0.000000, 0.000000, 1.000000  
        42: 1.000000, 0.000000, -0.000000, 0.000000, 0.000000, 1.000000, -0.000000, -0.000000, 0.000000, -0.000000, 1.000000, -0.000000, 0.000000, 0.000000, 0.000000, 1.000000  
        43: 1.000000, 0.000000, -0.000000, 0.000000, 0.000000, 1.000000, -0.000000, -0.000000, 0.000000, -0.000000, 1.000000, -0.000000, 0.000000, 0.000000, 0.000000, 1.000000  
        44: 1.000000, 0.000000, -0.000000, 0.000000, 0.000000, 1.000000, -0.000000, -0.000000, 0.000000, -0.000000, 1.000000, -0.000000, 0.000000, 0.000000, 0.000000, 1.000000  
        45: 1.000000, 0.000000, -0.000000, 0.000000, 0.000000, 1.000000, -0.000000, -0.000000, 0.000000, -0.000000, 1.000000, -0.000000, 0.000000, 0.000000, 0.000000, 1.000000  
        46: 1.000000, 0.000000, -0.000000, 0.000000, 0.000000, 1.000000, -0.000000, -0.000000, 0.000000, -0.000000, 1.000000, -0.000000, 0.000000, 0.000000, 0.000000, 1.000000  
        47: 1.000000, 0.000000, -0.000000, 0.000000, 0.000000, 1.000000, -0.000000, -0.000000, 0.000000, -0.000000, 1.000000, -0.000000, 0.000000, 0.000000, 0.000000, 1.000000  
        48: 1.000000, 0.000000, -0.000000, 0.000000, 0.000000, 1.000000, -0.000000, -0.000000, 0.000000, -0.000000, 1.000000, -0.000000, 0.000000, 0.000000, 0.000000, 1.000000  
        49: 1.000000, 0.000000, -0.000000, 0.000000, 0.000000, 1.000000, -0.000000, -0.000000, 0.000000, -0.000000, 1.000000, -0.000000, 0.000000, 0.000000, 0.000000, 1.000000  
        50: 1.000000, 0.000000, -0.000000, 0.000000, 0.000000, 1.000000, -0.000000, -0.000000, 0.000000, -0.000000, 1.000000, -0.000000, 0.000000, 0.000000, 0.000000, 1.000000  
        51: 1.000000, 0.000000, -0.000000, 0.000000, 0.000000, 1.000000, -0.000000, -0.000000, 0.000000, -0.000000, 1.000000, -0.000000, 0.000000, 0.000000, 0.000000, 1.000000  
        52: 1.000000, 0.000000, -0.000000, 0.000000, 0.000000, 1.000000, -0.000000, -0.000000, 0.000000, -0.000000, 1.000000, -0.000000, 0.000000, 0.000000, 0.000000, 1.000000  
        53: 1.000000, 0.000000, -0.000000, 0.000000, 0.000000, 1.000000, -0.000000, -0.000000, 0.000000, -0.000000, 1.000000, -0.000000, 0.000000, 0.000000, 0.000000, 1.000000  
    RightLeg:
        30: 1.000000, 0.000000, -0.000000, 0.000000, 0.000000, 1.000000, -0.000000, 0.000000, 0.000000, -0.000000, 1.000000, -0.000000, 0.000000, 0.000000, 0.000000, 1.000000  
        31: 1.000000, 0.000000, -0.000000, 0.000000, 0.000000, 1.000000, -0.000000, 0.000000, 0.000000, -0.000000, 1.000000, -0.000000, 0.000000, 0.000000, 0.000000, 1.000000  
        32: 1.000000, 0.000000, -0.000000, 0.000000, 0.000000, 1.000000, -0.000000, 0.000000, 0.000000, -0.000000, 1.000000, -0.000000, 0.000000, 0.000000, 0.000000, 1.000000  
        33: 1.000000, 0.000000, -0.000000, 0.000000, 0.000000, 1.000000, -0.000000, 0.000000, 0.000000, -0.000000, 1.000000, -0.000000, 0.000000, 0.000000, 0.000000, 1.000000  
        34: 1.000000, 0.000000, -0.000000, 0.000000, 0.000000, 1.000000, -0.000000, 0.000000, 0.000000, -0.000000, 1.000000, -0.000000, 0.000000, 0.000000, 0.000000, 1.000000  
        35: 1.000000, 0.000000, -0.000000, 0.000000, 0.000000, 1.000000, -0.000000, 0.000000, 0.000000, -0.000000, 1.000000, -0.000000, 0.000000, 0.000000, 0.000000, 1.000000  
        36: 1.000000, 0.000000, -0.000000, 0.000000, 0.000000, 1.000000, -0.000000, 0.000000, 0.000000, -0.000000, 1.000000, -0.000000, 0.000000, 0.000000, 0.000000, 1.000000  
        37: 1.000000, 0.000000, -0.000000, 0.000000, 0.000000, 1.000000, -0.000000, 0.000000, 0.000000, -0.000000, 1.000000, -0.000000, 0.000000, 0.000000, 0.000000, 1.000000  
        38: 1.000000, 0.000000, -0.000000, 0.000000, 0.000000, 1.000000, -0.000000, 0.000000, 0.000000, -0.000000, 1.000000, -0.000000, 0.000000, 0.000000, 0.000000, 1.000000  
        39: 1.000000, 0.000000, -0.000000, 0.000000, 0.000000, 1.000000, -0.000000, 0.000000, 0.000000, -0.000000, 1.000000, -0.000000, 0.000000, 0.000000, 0.000000, 1.000000  
        40: 1.000000, 0.000000, -0.000000, 0.000000, 0.000000, 1.000000, -0.000000, 0.000000, 0.000000, -0.000000, 1.000000, -0.000000, 0.000000, 0.000000, 0.000000, 1.000000  
        41: 1.000000, 0.000000, -0.000000, 0.000000, 0.000000, 1.000000, -0.000000, 0.000000, 0.000000, -0.000000, 1.000000, -0.000000, 0.000000, 0.000000, 0.000000, 1.000000  
        42: 1.000000, 0.000000, -0.000000, 0.000000, 0.000000, 1.000000, -0.000000, 0.000000, 0.000000, -0.000000, 1.000000, -0.000000, 0.000000, 0.000000, 0.000000, 1.000000  
        43: 1.000000, 0.000000, -0.000000, 0.000000, 0.000000, 1.000000, -0.000000, 0.000000, 0.000000, -0.000000, 1.000000, -0.000000, 0.000000, 0.000000, 0.000000, 1.000000  
        44: 1.000000, 0.000000, -0.000000, 0.000000, 0.000000, 1.000000, -0.000000, 0.000000, 0.000000, -0.000000, 1.000000, -0.000000, 0.000000, 0.000000, 0.000000, 1.000000  
        45: 1.000000, 0.000000, -0.000000, 0.000000, 0.000000, 1.000000, -0.000000, 0.000000, 0.000000, -0.000000, 1.000000, -0.000000, 0.000000, 0.000000, 0.000000, 1.000000  
        46: 1.000000, 0.000000, -0.000000, 0.000000, 0.000000, 1.000000, -0.000000, 0.000000, 0.000000, -0.000000, 1.000000, -0.000000, 0.000000, 0.000000, 0.000000, 1.000000  
        47: 1.000000, 0.000000, -0.000000, 0.000000, 0.000000, 1.000000, -0.000000, 0.000000, 0.000000, -0.000000, 1.000000, -0.000000, 0.000000, 0.000000, 0.000000, 1.000000  
        48: 1.000000, 0.000000, -0.000000, 0.000000, 0.000000, 1.000000, -0.000000, 0.000000, 0.000000, -0.000000, 1.000000, -0.000000, 0.000000, 0.000000, 0.000000, 1.000000  
        49: 1.000000, 0.000000, -0.000000, 0.000000, 0.000000, 1.000000, -0.000000, 0.000000, 0.000000, -0.000000, 1.000000, -0.000000, 0.000000, 0.000000, 0.000000, 1.000000  
        50: 1.000000, 0.000000, -0.000000, 0.000000, 0.000000, 1.000000, -0.000000, 0.000000, 0.000000, -0.000000, 1.000000, -0.000000, 0.000000, 0.000000, 0.000000, 1.000000  
        51: 1.000000, 0.000000, -0.000000, 0.000000, 0.000000, 1.000000, -0.000000, 0.000000, 0.000000, -0.000000, 1.000000, -0.000000, 0.000000, 0.000000, 0.000000, 1.000000  
        52: 1.000000, 0.000000, -0.000000, 0.000000, 0.000000, 1.000000, -0.000000, 0.000000, 0.000000, -0.000000, 1.000000, -0.000000, 0.000000, 0.000000, 0.000000, 1.000000  
        53: 1.000000, 0.000000, -0.000000, 0.000000, 0.000000, 1.000000, -0.000000, 0.000000, 0.000000, -0.000000, 1.000000, -0.000000, 0.000000, 0.000000, 0.000000, 1.000000  
