Skeleton: skeleton://Vanilla/entities/human/human.ske
frames: 24
delay: 0.041667
bones_data:
    Torso:
        30: 1.000000, -0.000000, 0.000000, -0.000000, -0.000000, 1.000000, -0.000000, 0.000000, 0.000000, -0.000000, 1.000000, 0.000000, 0.000000, 0.000000, 0.000000, 1.000000  
        31: 1.000000, -0.000000, 0.000000, -0.000000, -0.000000, 1.000000, -0.000000, 0.000000, 0.000000, -0.000000, 1.000000, 0.000000, 0.000000, 0.000000, 0.000000, 1.000000  
        32: 1.000000, -0.000000, 0.000000, -0.000000, -0.000000, 1.000000, -0.000000, 0.000000, 0.000000, -0.000000, 1.000000, 0.000000, 0.000000, 0.000000, 0.000000, 1.000000  
        33: 1.000000, -0.000000, 0.000000, -0.000000, -0.000000, 1.000000, -0.000000, 0.000000, 0.000000, -0.000000, 1.000000, 0.000000, 0.000000, 0.000000, 0.000000, 1.000000  
        34: 1.000000, -0.000000, 0.000000, -0.000000, -0.000000, 1.000000, -0.000000, 0.000000, 0.000000, -0.000000, 1.000000, 0.000000, 0.000000, 0.000000, 0.000000, 1.000000  
        35: 1.000000, -0.000000, 0.000000, -0.000000, -0.000000, 1.000000, -0.000000, 0.000000, 0.000000, -0.000000, 1.000000, 0.000000, 0.000000, 0.000000, 0.000000, 1.000000  
        36: 1.000000, -0.000000, 0.000000, -0.000000, -0.000000, 1.000000, -0.000000, 0.000000, 0.000000, -0.000000, 1.000000, 0.000000, 0.000000, 0.000000, 0.000000, 1.000000  
        37: 1.000000, -0.000000, 0.000000, -0.000000, -0.000000, 1.000000, -0.000000, 0.000000, 0.000000, -0.000000, 1.000000, 0.000000, 0.000000, 0.000000, 0.000000, 1.000000  
        38: 1.000000, -0.000000, 0.000000, -0.000000, -0.000000, 1.000000, -0.000000, 0.000000, 0.000000, -0.000000, 1.000000, 0.000000, 0.000000, 0.000000, 0.000000, 1.000000  
        39: 1.000000, -0.000000, 0.000000, -0.000000, -0.000000, 1.000000, -0.000000, 0.000000, 0.000000, -0.000000, 1.000000, 0.000000, 0.000000, 0.000000, 0.000000, 1.000000  
        40: 1.000000, -0.000000, 0.000000, -0.000000, -0.000000, 1.000000, -0.000000, 0.000000, 0.000000, -0.000000, 1.000000, 0.000000, 0.000000, 0.000000, 0.000000, 1.000000  
        41: 1.000000, -0.000000, 0.000000, -0.000000, -0.000000, 1.000000, -0.000000, 0.000000, 0.000000, -0.000000, 1.000000, 0.000000, 0.000000, 0.000000, 0.000000, 1.000000  
        42: 1.000000, -0.000000, 0.000000, -0.000000, -0.000000, 1.000000, -0.000000, 0.000000, 0.000000, -0.000000, 1.000000, 0.000000, 0.000000, 0.000000, 0.000000, 1.000000  
        43: 1.000000, -0.000000, 0.000000, -0.000000, -0.000000, 1.000000, -0.000000, 0.000000, 0.000000, -0.000000, 1.000000, 0.000000, 0.000000, 0.000000, 0.000000, 1.000000  
        44: 1.000000, -0.000000, 0.000000, -0.000000, -0.000000, 1.000000, -0.000000, 0.000000, 0.000000, -0.000000, 1.000000, 0.000000, 0.000000, 0.000000, 0.000000, 1.000000  
        45: 1.000000, -0.000000, 0.000000, -0.000000, -0.000000, 1.000000, -0.000000, 0.000000, 0.000000, -0.000000, 1.000000, 0.000000, 0.000000, 0.000000, 0.000000, 1.000000  
        46: 1.000000, -0.000000, 0.000000, -0.000000, -0.000000, 1.000000, -0.000000, 0.000000, 0.000000, -0.000000, 1.000000, 0.000000, 0.000000, 0.000000, 0.000000, 1.000000  
        47: 1.000000, -0.000000, 0.000000, -0.000000, -0.000000, 1.000000, -0.000000, 0.000000, 0.000000, -0.000000, 1.000000, 0.000000, 0.000000, 0.000000, 0.000000, 1.000000  
        48: 1.000000, -0.000000, 0.000000, -0.000000, -0.000000, 1.000000, -0.000000, 0.000000, 0.000000, -0.000000, 1.000000, 0.000000, 0.000000, 0.000000, 0.000000, 1.000000  
        49: 1.000000, -0.000000, 0.000000, -0.000000, -0.000000, 1.000000, -0.000000, 0.000000, 0.000000, -0.000000, 1.000000, 0.000000, 0.000000, 0.000000, 0.000000, 1.000000  
        50: 1.000000, -0.000000, 0.000000, -0.000000, -0.000000, 1.000000, -0.000000, 0.000000, 0.000000, -0.000000, 1.000000, 0.000000, 0.000000, 0.000000, 0.000000, 1.000000  
        51: 1.000000, -0.000000, 0.000000, -0.000000, -0.000000, 1.000000, -0.000000, 0.000000, 0.000000, -0.000000, 1.000000, 0.000000, 0.000000, 0.000000, 0.000000, 1.000000  
        52: 1.000000, -0.000000, 0.000000, -0.000000, -0.000000, 1.000000, -0.000000, 0.000000, 0.000000, -0.000000, 1.000000, 0.000000, 0.000000, 0.000000, 0.000000, 1.000000  
        53: 1.000000, -0.000000, 0.000000, -0.000000, -0.000000, 1.000000, -0.000000, 0.000000, 0.000000, -0.000000, 1.000000, 0.000000, 0.000000, 0.000000, 0.000000, 1.000000  
    RightArm:
        30: 0.996195, -0.087156, 0.000000, 0.123540, 0.087156, 0.996195, -0.000000, -0.029535, -0.000000, 0.000000, 1.000000, -0.000000, 0.000000, 0.000000, 0.000000, 1.000000  
        31: 0.996192, -0.087171, -0.001407, 0.123563, 0.087183, 0.996063, 0.016078, -0.029361, -0.000000, -0.016140, 0.999870, 0.022596, 0.000000, 0.000000, 0.000000, 1.000000  
        32: 0.996192, -0.087019, -0.005505, 0.123349, 0.087193, 0.994203, 0.062915, -0.026761, -0.000001, -0.063156, 0.998004, 0.088419, 0.000000, 0.000000, 0.000000, 1.000000  
        33: 0.996192, -0.086441, -0.011382, 0.122540, 0.087187, 0.987663, 0.130079, -0.017603, -0.000002, -0.130576, 0.991438, 0.182807, 0.000000, 0.000000, 0.000000, 1.000000  
        34: 0.996193, -0.085459, -0.017203, 0.121165, 0.087173, 0.976597, 0.196617, -0.002106, -0.000002, -0.197368, 0.980329, 0.276317, 0.000000, 0.000000, 0.000000, 1.000000  
        35: 0.996194, -0.084544, -0.021198, 0.119883, 0.087161, 0.966281, 0.242290, 0.012342, -0.000001, -0.243215, 0.969972, 0.340502, 0.000000, 0.000000, 0.000000, 1.000000  
        36: 0.996195, -0.084186, -0.022558, 0.119383, 0.087156, 0.962250, 0.257834, 0.017987, -0.000000, -0.258819, 0.965926, 0.362347, 0.000000, 0.000000, 0.000000, 1.000000  
        37: 0.996195, -0.084434, -0.021612, 0.119730, 0.087156, 0.965081, 0.247026, 0.014024, -0.000000, -0.247970, 0.968768, 0.347157, 0.000000, 0.000000, 0.000000, 1.000000  
        38: 0.996195, -0.085125, -0.018705, 0.120697, 0.087156, 0.972981, 0.213803, 0.002964, -0.000000, -0.214620, 0.976698, 0.300468, 0.000000, 0.000000, 0.000000, 1.000000  
        39: 0.996195, -0.086004, -0.014121, 0.121928, 0.087156, 0.983033, 0.161403, -0.011108, -0.000000, -0.162019, 0.986788, 0.226827, 0.000000, 0.000000, 0.000000, 1.000000  
        40: 0.996195, -0.086712, -0.008780, 0.122920, 0.087156, 0.991127, 0.100355, -0.022440, -0.000000, -0.100739, 0.994913, 0.141034, 0.000000, 0.000000, 0.000000, 1.000000  
        41: 0.996195, -0.087072, -0.003828, 0.123422, 0.087156, 0.995233, 0.043751, -0.028189, -0.000000, -0.043918, 0.999035, 0.061486, 0.000000, 0.000000, 0.000000, 1.000000  
        42: 0.996195, -0.087156, 0.000000, 0.123540, 0.087156, 0.996195, -0.000000, -0.029535, -0.000000, 0.000000, 1.000000, -0.000000, 0.000000, 0.000000, 0.000000, 1.000000  
        43: 0.996195, -0.087091, 0.003360, 0.123449, 0.087156, 0.995454, -0.038405, -0.028498, 0.000000, 0.038552, 0.999257, -0.053973, 0.000000, 0.000000, 0.000000, 1.000000  
        44: 0.996195, -0.086878, 0.006953, 0.123151, 0.087156, 0.993020, -0.079474, -0.025090, 0.000000, 0.079777, 0.996813, -0.111688, 0.000000, 0.000000, 0.000000, 1.000000  
        45: 0.996195, -0.086538, 0.010357, 0.122675, 0.087156, 0.989136, -0.118378, -0.019653, -0.000000, 0.118830, 0.992915, -0.166362, 0.000000, 0.000000, 0.000000, 1.000000  
        46: 0.996195, -0.086176, 0.013033, 0.122168, 0.087156, 0.984993, -0.148971, -0.013853, -0.000000, 0.149540, 0.988756, -0.209356, 0.000000, 0.000000, 0.000000, 1.000000  
        47: 0.996195, -0.085918, 0.014634, 0.121808, 0.087156, 0.982052, -0.167263, -0.009736, -0.000000, 0.167902, 0.985804, -0.235063, 0.000000, 0.000000, 0.000000, 1.000000  
        48: 0.996195, -0.085831, 0.015134, 0.121686, 0.087156, 0.981060, -0.172988, -0.008347, -0.000000, 0.173648, 0.984808, -0.243108, 0.000000, 0.000000, 0.000000, 1.000000  
        49: 0.996195, -0.085989, 0.014209, 0.121907, 0.087156, 0.982866, -0.162412, -0.010875, -0.000000, 0.163032, 0.986621, -0.228245, 0.000000, 0.000000, 0.000000, 1.000000  
        50: 0.996195, -0.086393, 0.011505, 0.122472, 0.087156, 0.987477, -0.131507, -0.017329, -0.000000, 0.132009, 0.991248, -0.184813, 0.000000, 0.000000, 0.000000, 1.000000  
        51: 0.996195, -0.086824, 0.007596, 0.123076, 0.087156, 0.992404, -0.086825, -0.024228, 0.000000, 0.087157, 0.996195, -0.122020, 0.000000, 0.000000, 0.000000, 1.000000  
        52: 0.996195, -0.087078, 0.003672, 0.123432, 0.087156, 0.995310, -0.041966, -0.028297, 0.000000, 0.042127, 0.999112, -0.058977, 0.000000, 0.000000, 0.000000, 1.000000  
        53: 0.996195, -0.087151, 0.000939, 0.123533, 0.087156, 0.996137, -0.010729, -0.029454, 0.000000, 0.010770, 0.999942, -0.015078, 0.000000, 0.000000, 0.000000, 1.000000  
    LeftArm:
        30: 0.996195, 0.087156, -0.000000, -0.123540, -0.087156, 0.996195, 0.000000, -0.029535, 0.000000, -0.000000, 1.000000, 0.000000, 0.000000, 0.000000, 0.000000, 1.000000  
        31: 0.996192, 0.087177, -0.000939, -0.123571, -0.087182, 0.996135, -0.010732, -0.029461, -0.000000, 0.010773, 0.999942, -0.015083, 0.000000, 0.000000, 0.000000, 1.000000  
        32: 0.996192, 0.087114, -0.003674, -0.123483, -0.087192, 0.995306, -0.041983, -0.028306, -0.000001, 0.042144, 0.999112, -0.059002, 0.000000, 0.000000, 0.000000, 1.000000  
        33: 0.996192, 0.086854, -0.007600, -0.123119, -0.087186, 0.992399, -0.086855, -0.024232, -0.000001, 0.087187, 0.996192, -0.122062, 0.000000, 0.000000, 0.000000, 1.000000  
        34: 0.996193, 0.086410, -0.011509, -0.122496, -0.087173, 0.987472, -0.131532, -0.017329, -0.000001, 0.132034, 0.991245, -0.184849, 0.000000, 0.000000, 0.000000, 1.000000  
        35: 0.996194, 0.085994, -0.014210, -0.121914, -0.087161, 0.982865, -0.162420, -0.010875, -0.000000, 0.163041, 0.986619, -0.228257, 0.000000, 0.000000, 0.000000, 1.000000  
        36: 0.996195, 0.085832, -0.015134, -0.121687, -0.087156, 0.981060, -0.172987, -0.008347, 0.000000, 0.173648, 0.984808, -0.243107, 0.000000, 0.000000, 0.000000, 1.000000  
        37: 0.996196, 0.085937, -0.014419, -0.121833, -0.087138, 0.982052, -0.167275, -0.009728, -0.000215, 0.167895, 0.985805, -0.235140, 0.000000, 0.000000, 0.000000, 1.000000  
        38: 0.996199, 0.086234, -0.012263, -0.122248, -0.087098, 0.984992, -0.149015, -0.013828, -0.000772, 0.149516, 0.988759, -0.209631, 0.000000, 0.000000, 0.000000, 1.000000  
        39: 0.996201, 0.086621, -0.008971, -0.122789, -0.087073, 0.989134, -0.118456, -0.019617, -0.001387, 0.118788, 0.992919, -0.166857, 0.000000, 0.000000, 0.000000, 1.000000  
        40: 0.996199, 0.086944, -0.005311, -0.123242, -0.087090, 0.993018, -0.079567, -0.025061, -0.001644, 0.079727, 0.996815, -0.112276, 0.000000, 0.000000, 0.000000, 1.000000  
        41: 0.996196, 0.087114, -0.002150, -0.123482, -0.087132, 0.995454, -0.038474, -0.028488, -0.001212, 0.038515, 0.999257, -0.054405, 0.000000, 0.000000, 0.000000, 1.000000  
        42: 0.996195, 0.087156, -0.000000, -0.123540, -0.087156, 0.996195, 0.000000, -0.029535, 0.000000, -0.000000, 1.000000, 0.000000, 0.000000, 0.000000, 0.000000, 1.000000  
        43: 0.996648, 0.081789, 0.001798, -0.115846, -0.081789, 0.995683, 0.043874, -0.026673, 0.001798, -0.043874, 0.999035, 0.062142, 0.000000, 0.000000, 0.000000, 1.000000  
        44: 0.997807, 0.066109, 0.003340, -0.093430, -0.066109, 0.992719, 0.100687, -0.016251, 0.003340, -0.100687, 0.994913, 0.142298, 0.000000, 0.000000, 0.000000, 1.000000  
        45: 0.999046, 0.043517, 0.003550, -0.061305, -0.043517, 0.985830, 0.162007, 0.002432, 0.003550, -0.162007, 0.986783, 0.228229, 0.000000, 0.000000, 0.000000, 1.000000  
        46: 0.999778, 0.020966, 0.002277, -0.029441, -0.020966, 0.976469, 0.214638, 0.024558, 0.002277, -0.214638, 0.976691, 0.301404, 0.000000, 0.000000, 0.000000, 1.000000  
        47: 0.999985, 0.005348, 0.000674, -0.007493, -0.005348, 0.968750, 0.247980, 0.041610, 0.000674, -0.247980, 0.968765, 0.347442, 0.000000, 0.000000, 0.000000, 1.000000  
        48: 1.000000, -0.000000, -0.000000, 0.000000, 0.000000, 0.965926, 0.258819, 0.047704, -0.000000, -0.258819, 0.965926, 0.362347, 0.000000, 0.000000, 0.000000, 1.000000  
        49: 0.999985, 0.005351, 0.000661, -0.007497, -0.005351, 0.969958, 0.243214, 0.039919, 0.000661, -0.243214, 0.969972, 0.340764, 0.000000, 0.000000, 0.000000, 1.000000  
        50: 0.999777, 0.021004, 0.002093, -0.029495, -0.021004, 0.980108, 0.197353, 0.019448, 0.002093, -0.197353, 0.980330, 0.277131, 0.000000, 0.000000, 0.000000, 1.000000  
        51: 0.999044, 0.043619, 0.002860, -0.061449, -0.043619, 0.990484, 0.130529, -0.004126, 0.002860, -0.130529, 0.991440, 0.183885, 0.000000, 0.000000, 0.000000, 1.000000  
        52: 0.997803, 0.066212, 0.002094, -0.093575, -0.066212, 0.995808, 0.063106, -0.020616, 0.002094, -0.063106, 0.998005, 0.089185, 0.000000, 0.000000, 0.000000, 1.000000  
        53: 0.996647, 0.081824, 0.000661, -0.115894, -0.081824, 0.996516, 0.016122, -0.027852, 0.000661, -0.016122, 0.999870, 0.022835, 0.000000, 0.000000, 0.000000, 1.000000  
    Head:
        30: 1.000000, -0.000000, -0.000000, -0.000000, -0.000000, 1.000000, 0.000000, 0.000000, -0.000000, 0.000000, 1.000000, -0.000000, 0.000000, 0.000000, 0.000000, 1.000000  
        31: 1.000000, -0.000000, -0.000000, -0.000000, -0.000000, 1.000000, 0.000000, 0.000000, -0.000000, 0.000000, 1.000000, -0.000000, 0.000000, 0.000000, 0.000000, 1.000000  
        32: 1.000000, -0.000000, -0.000000, -0.000000, -0.000000, 1.000000, 0.000000, 0.000000, -0.000000, 0.000000, 1.000000, -0.000000, 0.000000, 0.000000, 0.000000, 1.000000  
        33: 1.000000, -0.000000, -0.000000, -0.000000, -0.000000, 1.000000, 0.000000, 0.000000, -0.000000, 0.000000, 1.000000, -0.000000, 0.000000, 0.000000, 0.000000, 1.000000  
        34: 1.000000, -0.000000, -0.000000, -0.000000, -0.000000, 1.000000, 0.000000, 0.000000, -0.000000, 0.000000, 1.000000, -0.000000, 0.000000, 0.000000, 0.000000, 1.000000  
        35: 1.000000, -0.000000, -0.000000, -0.000000, -0.000000, 1.000000, 0.000000, 0.000000, -0.000000, 0.000000, 1.000000, -0.000000, 0.000000, 0.000000, 0.000000, 1.000000  
        36: 1.000000, -0.000000, -0.000000, -0.000000, -0.000000, 1.000000, 0.000000, 0.000000, -0.000000, 0.000000, 1.000000, -0.000000, 0.000000, 0.000000, 0.000000, 1.000000  
        37: 1.000000, -0.000000, -0.000000, -0.000000, -0.000000, 1.000000, 0.000000, 0.000000, -0.000000, 0.000000, 1.000000, -0.000000, 0.000000, 0.000000, 0.000000, 1.000000  
        38: 1.000000, -0.000000, -0.000000, -0.000000, -0.000000, 1.000000, 0.000000, 0.000000, -0.000000, 0.000000, 1.000000, -0.000000, 0.000000, 0.000000, 0.000000, 1.000000  
        39: 1.000000, -0.000000, -0.000000, -0.000000, -0.000000, 1.000000, 0.000000, 0.000000, -0.000000, 0.000000, 1.000000, -0.000000, 0.000000, 0.000000, 0.000000, 1.000000  
        40: 1.000000, -0.000000, -0.000000, -0.000000, -0.000000, 1.000000, 0.000000, 0.000000, -0.000000, 0.000000, 1.000000, -0.000000, 0.000000, 0.000000, 0.000000, 1.000000  
        41: 1.000000, -0.000000, -0.000000, -0.000000, -0.000000, 1.000000, 0.000000, 0.000000, -0.000000, 0.000000, 1.000000, -0.000000, 0.000000, 0.000000, 0.000000, 1.000000  
        42: 1.000000, -0.000000, -0.000000, -0.000000, -0.000000, 1.000000, 0.000000, 0.000000, -0.000000, 0.000000, 1.000000, -0.000000, 0.000000, 0.000000, 0.000000, 1.000000  
        43: 1.000000, -0.000000, -0.000000, -0.000000, -0.000000, 1.000000, 0.000000, 0.000000, -0.000000, 0.000000, 1.000000, -0.000000, 0.000000, 0.000000, 0.000000, 1.000000  
        44: 1.000000, -0.000000, -0.000000, -0.000000, -0.000000, 1.000000, 0.000000, 0.000000, -0.000000, 0.000000, 1.000000, -0.000000, 0.000000, 0.000000, 0.000000, 1.000000  
        45: 1.000000, -0.000000, -0.000000, -0.000000, -0.000000, 1.000000, 0.000000, 0.000000, -0.000000, 0.000000, 1.000000, -0.000000, 0.000000, 0.000000, 0.000000, 1.000000  
        46: 1.000000, -0.000000, -0.000000, -0.000000, -0.000000, 1.000000, 0.000000, 0.000000, -0.000000, 0.000000, 1.000000, -0.000000, 0.000000, 0.000000, 0.000000, 1.000000  
        47: 1.000000, -0.000000, -0.000000, -0.000000, -0.000000, 1.000000, 0.000000, 0.000000, -0.000000, 0.000000, 1.000000, -0.000000, 0.000000, 0.000000, 0.000000, 1.000000  
        48: 1.000000, -0.000000, -0.000000, -0.000000, -0.000000, 1.000000, 0.000000, 0.000000, -0.000000, 0.000000, 1.000000, -0.000000, 0.000000, 0.000000, 0.000000, 1.000000  
        49: 1.000000, -0.000000, -0.000000, -0.000000, -0.000000, 1.000000, 0.000000, 0.000000, -0.000000, 0.000000, 1.000000, -0.000000, 0.000000, 0.000000, 0.000000, 1.000000  
        50: 1.000000, -0.000000, -0.000000, -0.000000, -0.000000, 1.000000, 0.000000, 0.000000, -0.000000, 0.000000, 1.000000, -0.000000, 0.000000, 0.000000, 0.000000, 1.000000  
        51: 1.000000, -0.000000, -0.000000, -0.000000, -0.000000, 1.000000, 0.000000, 0.000000, -0.000000, 0.000000, 1.000000, -0.000000, 0.000000, 0.000000, 0.000000, 1.000000  
        52: 1.000000, -0.000000, -0.000000, -0.000000, -0.000000, 1.000000, 0.000000, 0.000000, -0.000000, 0.000000, 1.000000, -0.000000, 0.000000, 0.000000, 0.000000, 1.000000  
        53: 1.000000, -0.000000, -0.000000, -0.000000, -0.000000, 1.000000, 0.000000, 0.000000, -0.000000, 0.000000, 1.000000, -0.000000, 0.000000, 0.000000, 0.000000, 1.000000  
    LeftLeg:
        30: 1.000000, 0.000000, 0.000000, 0.000000, 0.000000, 1.000000, -0.000000, 0.000000, 0.000000, -0.000000, 1.000000, 0.000000, 0.000000, 0.000000, 0.000000, 1.000000  
        31: 1.000000, 0.000000, 0.000000, 0.000000, 0.000000, 1.000000, -0.000000, 0.000000, 0.000000, -0.000000, 1.000000, 0.000000, 0.000000, 0.000000, 0.000000, 1.000000  
        32: 1.000000, 0.000000, 0.000000, 0.000000, 0.000000, 1.000000, -0.000000, 0.000000, 0.000000, -0.000000, 1.000000, 0.000000, 0.000000, 0.000000, 0.000000, 1.000000  
        33: 1.000000, 0.000000, 0.000000, 0.000000, 0.000000, 1.000000, -0.000000, 0.000000, 0.000000, -0.000000, 1.000000, 0.000000, 0.000000, 0.000000, 0.000000, 1.000000  
        34: 1.000000, 0.000000, 0.000000, 0.000000, 0.000000, 1.000000, -0.000000, 0.000000, 0.000000, -0.000000, 1.000000, 0.000000, 0.000000, 0.000000, 0.000000, 1.000000  
        35: 1.000000, 0.000000, 0.000000, 0.000000, 0.000000, 1.000000, -0.000000, 0.000000, 0.000000, -0.000000, 1.000000, 0.000000, 0.000000, 0.000000, 0.000000, 1.000000  
        36: 1.000000, 0.000000, 0.000000, 0.000000, 0.000000, 1.000000, -0.000000, 0.000000, 0.000000, -0.000000, 1.000000, 0.000000, 0.000000, 0.000000, 0.000000, 1.000000  
        37: 1.000000, 0.000000, 0.000000, 0.000000, 0.000000, 1.000000, -0.000000, 0.000000, 0.000000, -0.000000, 1.000000, 0.000000, 0.000000, 0.000000, 0.000000, 1.000000  
        38: 1.000000, 0.000000, 0.000000, 0.000000, 0.000000, 1.000000, -0.000000, 0.000000, 0.000000, -0.000000, 1.000000, 0.000000, 0.000000, 0.000000, 0.000000, 1.000000  
        39: 1.000000, 0.000000, 0.000000, 0.000000, 0.000000, 1.000000, -0.000000, 0.000000, 0.000000, -0.000000, 1.000000, 0.000000, 0.000000, 0.000000, 0.000000, 1.000000  
        40: 1.000000, 0.000000, 0.000000, 0.000000, 0.000000, 1.000000, -0.000000, 0.000000, 0.000000, -0.000000, 1.000000, 0.000000, 0.000000, 0.000000, 0.000000, 1.000000  
        41: 1.000000, 0.000000, 0.000000, 0.000000, 0.000000, 1.000000, -0.000000, 0.000000, 0.000000, -0.000000, 1.000000, 0.000000, 0.000000, 0.000000, 0.000000, 1.000000  
        42: 1.000000, 0.000000, 0.000000, 0.000000, 0.000000, 1.000000, -0.000000, 0.000000, 0.000000, -0.000000, 1.000000, 0.000000, 0.000000, 0.000000, 0.000000, 1.000000  
        43: 1.000000, 0.000000, 0.000000, 0.000000, 0.000000, 1.000000, -0.000000, 0.000000, 0.000000, -0.000000, 1.000000, 0.000000, 0.000000, 0.000000, 0.000000, 1.000000  
        44: 1.000000, 0.000000, 0.000000, 0.000000, 0.000000, 1.000000, -0.000000, 0.000000, 0.000000, -0.000000, 1.000000, 0.000000, 0.000000, 0.000000, 0.000000, 1.000000  
        45: 1.000000, 0.000000, 0.000000, 0.000000, 0.000000, 1.000000, -0.000000, 0.000000, 0.000000, -0.000000, 1.000000, 0.000000, 0.000000, 0.000000, 0.000000, 1.000000  
        46: 1.000000, 0.000000, 0.000000, 0.000000, 0.000000, 1.000000, -0.000000, 0.000000, 0.000000, -0.000000, 1.000000, 0.000000, 0.000000, 0.000000, 0.000000, 1.000000  
        47: 1.000000, 0.000000, 0.000000, 0.000000, 0.000000, 1.000000, -0.000000, 0.000000, 0.000000, -0.000000, 1.000000, 0.000000, 0.000000, 0.000000, 0.000000, 1.000000  
        48: 1.000000, 0.000000, 0.000000, 0.000000, 0.000000, 1.000000, -0.000000, 0.000000, 0.000000, -0.000000, 1.000000, 0.000000, 0.000000, 0.000000, 0.000000, 1.000000  
        49: 1.000000, 0.000000, 0.000000, 0.000000, 0.000000, 1.000000, -0.000000, 0.000000, 0.000000, -0.000000, 1.000000, 0.000000, 0.000000, 0.000000, 0.000000, 1.000000  
        50: 1.000000, 0.000000, 0.000000, 0.000000, 0.000000, 1.000000, -0.000000, 0.000000, 0.000000, -0.000000, 1.000000, 0.000000, 0.000000, 0.000000, 0.000000, 1.000000  
        51: 1.000000, 0.000000, 0.000000, 0.000000, 0.000000, 1.000000, -0.000000, 0.000000, 0.000000, -0.000000, 1.000000, 0.000000, 0.000000, 0.000000, 0.000000, 1.000000  
        52: 1.000000, 0.000000, 0.000000, 0.000000, 0.000000, 1.000000, -0.000000, 0.000000, 0.000000, -0.000000, 1.000000, 0.000000, 0.000000, 0.000000, 0.000000, 1.000000  
        53: 1.000000, 0.000000, 0.000000, 0.000000, 0.000000, 1.000000, -0.000000, 0.000000, 0.000000, -0.000000, 1.000000, 0.000000, 0.000000, 0.000000, 0.000000, 1.000000  
    RightLeg:
        30: 1.000000, -0.000000, 0.000000, 0.000000, -0.000000, 1.000000, 0.000000, -0.000000, 0.000000, 0.000000, 1.000000, -0.000000, 0.000000, 0.000000, 0.000000, 1.000000  
        31: 1.000000, -0.000000, 0.000000, 0.000000, -0.000000, 1.000000, 0.000000, -0.000000, 0.000000, 0.000000, 1.000000, -0.000000, 0.000000, 0.000000, 0.000000, 1.000000  
        32: 1.000000, -0.000000, 0.000000, 0.000000, -0.000000, 1.000000, 0.000000, -0.000000, 0.000000, 0.000000, 1.000000, -0.000000, 0.000000, 0.000000, 0.000000, 1.000000  
        33: 1.000000, -0.000000, 0.000000, 0.000000, -0.000000, 1.000000, 0.000000, -0.000000, 0.000000, 0.000000, 1.000000, -0.000000, 0.000000, 0.000000, 0.000000, 1.000000  
        34: 1.000000, -0.000000, 0.000000, 0.000000, -0.000000, 1.000000, 0.000000, -0.000000, 0.000000, 0.000000, 1.000000, -0.000000, 0.000000, 0.000000, 0.000000, 1.000000  
        35: 1.000000, -0.000000, 0.000000, 0.000000, -0.000000, 1.000000, 0.000000, -0.000000, 0.000000, 0.000000, 1.000000, -0.000000, 0.000000, 0.000000, 0.000000, 1.000000  
        36: 1.000000, -0.000000, 0.000000, 0.000000, -0.000000, 1.000000, 0.000000, -0.000000, 0.000000, 0.000000, 1.000000, -0.000000, 0.000000, 0.000000, 0.000000, 1.000000  
        37: 1.000000, -0.000000, 0.000000, 0.000000, -0.000000, 1.000000, 0.000000, -0.000000, 0.000000, 0.000000, 1.000000, -0.000000, 0.000000, 0.000000, 0.000000, 1.000000  
        38: 1.000000, -0.000000, 0.000000, 0.000000, -0.000000, 1.000000, 0.000000, -0.000000, 0.000000, 0.000000, 1.000000, -0.000000, 0.000000, 0.000000, 0.000000, 1.000000  
        39: 1.000000, -0.000000, 0.000000, 0.000000, -0.000000, 1.000000, 0.000000, -0.000000, 0.000000, 0.000000, 1.000000, -0.000000, 0.000000, 0.000000, 0.000000, 1.000000  
        40: 1.000000, -0.000000, 0.000000, 0.000000, -0.000000, 1.000000, 0.000000, -0.000000, 0.000000, 0.000000, 1.000000, -0.000000, 0.000000, 0.000000, 0.000000, 1.000000  
        41: 1.000000, -0.000000, 0.000000, 0.000000, -0.000000, 1.000000, 0.000000, -0.000000, 0.000000, 0.000000, 1.000000, -0.000000, 0.000000, 0.000000, 0.000000, 1.000000  
        42: 1.000000, -0.000000, 0.000000, 0.000000, -0.000000, 1.000000, 0.000000, -0.000000, 0.000000, 0.000000, 1.000000, -0.000000, 0.000000, 0.000000, 0.000000, 1.000000  
        43: 1.000000, -0.000000, 0.000000, 0.000000, -0.000000, 1.000000, 0.000000, -0.000000, 0.000000, 0.000000, 1.000000, -0.000000, 0.000000, 0.000000, 0.000000, 1.000000  
        44: 1.000000, -0.000000, 0.000000, 0.000000, -0.000000, 1.000000, 0.000000, -0.000000, 0.000000, 0.000000, 1.000000, -0.000000, 0.000000, 0.000000, 0.000000, 1.000000  
        45: 1.000000, -0.000000, 0.000000, 0.000000, -0.000000, 1.000000, 0.000000, -0.000000, 0.000000, 0.000000, 1.000000, -0.000000, 0.000000, 0.000000, 0.000000, 1.000000  
        46: 1.000000, -0.000000, 0.000000, 0.000000, -0.000000, 1.000000, 0.000000, -0.000000, 0.000000, 0.000000, 1.000000, -0.000000, 0.000000, 0.000000, 0.000000, 1.000000  
        47: 1.000000, -0.000000, 0.000000, 0.000000, -0.000000, 1.000000, 0.000000, -0.000000, 0.000000, 0.000000, 1.000000, -0.000000, 0.000000, 0.000000, 0.000000, 1.000000  
        48: 1.000000, -0.000000, 0.000000, 0.000000, -0.000000, 1.000000, 0.000000, -0.000000, 0.000000, 0.000000, 1.000000, -0.000000, 0.000000, 0.000000, 0.000000, 1.000000  
        49: 1.000000, -0.000000, 0.000000, 0.000000, -0.000000, 1.000000, 0.000000, -0.000000, 0.000000, 0.000000, 1.000000, -0.000000, 0.000000, 0.000000, 0.000000, 1.000000  
        50: 1.000000, -0.000000, 0.000000, 0.000000, -0.000000, 1.000000, 0.000000, -0.000000, 0.000000, 0.000000, 1.000000, -0.000000, 0.000000, 0.000000, 0.000000, 1.000000  
        51: 1.000000, -0.000000, 0.000000, 0.000000, -0.000000, 1.000000, 0.000000, -0.000000, 0.000000, 0.000000, 1.000000, -0.000000, 0.000000, 0.000000, 0.000000, 1.000000  
        52: 1.000000, -0.000000, 0.000000, 0.000000, -0.000000, 1.000000, 0.000000, -0.000000, 0.000000, 0.000000, 1.000000, -0.000000, 0.000000, 0.000000, 0.000000, 1.000000  
        53: 1.000000, -0.000000, 0.000000, 0.000000, -0.000000, 1.000000, 0.000000, -0.000000, 0.000000, 0.000000, 1.000000, -0.000000, 0.000000, 0.000000, 0.000000, 1.000000  
