Skeleton: skeleton://Vanilla/entities/human/human.ske
frames: 42
delay: 0.041667
bones_data:
    Torso:
        84: 1.000000, 0.000001, -0.000000, -0.000001, -0.000001, 0.906308, -0.422618, 0.074954, -0.000000, 0.422618, 0.906308, -0.338095, 0.000000, 0.000000, 0.000000, 1.000000  
        85: 1.000000, 0.000001, -0.000000, -0.000001, -0.000001, 0.906308, -0.422618, 0.074954, -0.000000, 0.422618, 0.906308, -0.338095, 0.000000, 0.000000, 0.000000, 1.000000  
        86: 1.000000, 0.000001, -0.000000, -0.000001, -0.000001, 0.906308, -0.422618, 0.074954, -0.000000, 0.422618, 0.906308, -0.338095, 0.000000, 0.000000, 0.000000, 1.000000  
        87: 1.000000, 0.000001, -0.000000, -0.000001, -0.000001, 0.906308, -0.422618, 0.074954, -0.000000, 0.422618, 0.906308, -0.338095, 0.000000, 0.000000, 0.000000, 1.000000  
        88: 1.000000, 0.000001, -0.000000, -0.000001, -0.000001, 0.906308, -0.422618, 0.074954, -0.000000, 0.422618, 0.906308, -0.338095, 0.000000, 0.000000, 0.000000, 1.000000  
        89: 1.000000, 0.000001, -0.000000, -0.000001, -0.000001, 0.906308, -0.422618, 0.074954, -0.000000, 0.422618, 0.906308, -0.338095, 0.000000, 0.000000, 0.000000, 1.000000  
        90: 1.000000, 0.000001, -0.000000, -0.000001, -0.000001, 0.906308, -0.422618, 0.074954, -0.000000, 0.422618, 0.906308, -0.338095, 0.000000, 0.000000, 0.000000, 1.000000  
        91: 1.000000, 0.000001, -0.000000, -0.000001, -0.000001, 0.906308, -0.422618, 0.074954, -0.000000, 0.422618, 0.906308, -0.338095, 0.000000, 0.000000, 0.000000, 1.000000  
        92: 1.000000, 0.000001, -0.000000, -0.000001, -0.000001, 0.906308, -0.422618, 0.074954, -0.000000, 0.422618, 0.906308, -0.338095, 0.000000, 0.000000, 0.000000, 1.000000  
        93: 1.000000, 0.000001, -0.000000, -0.000001, -0.000001, 0.906308, -0.422618, 0.074954, -0.000000, 0.422618, 0.906308, -0.338095, 0.000000, 0.000000, 0.000000, 1.000000  
        94: 1.000000, 0.000001, -0.000000, -0.000001, -0.000001, 0.906308, -0.422618, 0.074954, -0.000000, 0.422618, 0.906308, -0.338095, 0.000000, 0.000000, 0.000000, 1.000000  
        95: 1.000000, 0.000001, -0.000000, -0.000001, -0.000001, 0.906308, -0.422618, 0.074954, -0.000000, 0.422618, 0.906308, -0.338095, 0.000000, 0.000000, 0.000000, 1.000000  
        96: 1.000000, 0.000001, -0.000000, -0.000001, -0.000001, 0.906308, -0.422618, 0.074954, -0.000000, 0.422618, 0.906308, -0.338095, 0.000000, 0.000000, 0.000000, 1.000000  
        97: 1.000000, 0.000001, -0.000000, -0.000001, -0.000001, 0.906308, -0.422618, 0.074954, -0.000000, 0.422618, 0.906308, -0.338095, 0.000000, 0.000000, 0.000000, 1.000000  
        98: 1.000000, 0.000001, -0.000000, -0.000001, -0.000001, 0.906308, -0.422618, 0.074954, -0.000000, 0.422618, 0.906308, -0.338095, 0.000000, 0.000000, 0.000000, 1.000000  
        99: 1.000000, 0.000001, -0.000000, -0.000001, -0.000001, 0.906308, -0.422618, 0.074954, -0.000000, 0.422618, 0.906308, -0.338095, 0.000000, 0.000000, 0.000000, 1.000000  
        100: 1.000000, 0.000001, -0.000000, -0.000001, -0.000001, 0.906308, -0.422618, 0.074954, -0.000000, 0.422618, 0.906308, -0.338095, 0.000000, 0.000000, 0.000000, 1.000000  
        101: 1.000000, 0.000001, -0.000000, -0.000001, -0.000001, 0.906308, -0.422618, 0.074954, -0.000000, 0.422618, 0.906308, -0.338095, 0.000000, 0.000000, 0.000000, 1.000000  
        102: 1.000000, 0.000001, -0.000000, -0.000001, -0.000001, 0.906308, -0.422618, 0.074954, -0.000000, 0.422618, 0.906308, -0.338095, 0.000000, 0.000000, 0.000000, 1.000000  
        103: 1.000000, 0.000001, -0.000000, -0.000001, -0.000001, 0.906308, -0.422618, 0.074954, -0.000000, 0.422618, 0.906308, -0.338095, 0.000000, 0.000000, 0.000000, 1.000000  
        104: 1.000000, 0.000001, -0.000000, -0.000001, -0.000001, 0.906308, -0.422618, 0.074954, -0.000000, 0.422618, 0.906308, -0.338095, 0.000000, 0.000000, 0.000000, 1.000000  
        105: 1.000000, 0.000001, -0.000000, -0.000001, -0.000001, 0.906308, -0.422618, 0.074954, -0.000000, 0.422618, 0.906308, -0.338095, 0.000000, 0.000000, 0.000000, 1.000000  
        106: 1.000000, 0.000001, -0.000000, -0.000001, -0.000001, 0.906308, -0.422618, 0.074954, -0.000000, 0.422618, 0.906308, -0.338095, 0.000000, 0.000000, 0.000000, 1.000000  
        107: 1.000000, 0.000001, -0.000000, -0.000001, -0.000001, 0.906308, -0.422618, 0.074954, -0.000000, 0.422618, 0.906308, -0.338095, 0.000000, 0.000000, 0.000000, 1.000000  
        108: 1.000000, 0.000001, -0.000000, -0.000001, -0.000001, 0.906308, -0.422618, 0.074954, -0.000000, 0.422618, 0.906308, -0.338095, 0.000000, 0.000000, 0.000000, 1.000000  
        109: 1.000000, 0.000001, -0.000000, -0.000001, -0.000001, 0.906308, -0.422618, 0.074954, -0.000000, 0.422618, 0.906308, -0.338095, 0.000000, 0.000000, 0.000000, 1.000000  
        110: 1.000000, 0.000001, -0.000000, -0.000001, -0.000001, 0.906308, -0.422618, 0.074954, -0.000000, 0.422618, 0.906308, -0.338095, 0.000000, 0.000000, 0.000000, 1.000000  
        111: 1.000000, 0.000001, -0.000000, -0.000001, -0.000001, 0.906308, -0.422618, 0.074954, -0.000000, 0.422618, 0.906308, -0.338095, 0.000000, 0.000000, 0.000000, 1.000000  
        112: 1.000000, 0.000001, -0.000000, -0.000001, -0.000001, 0.906308, -0.422618, 0.074954, -0.000000, 0.422618, 0.906308, -0.338095, 0.000000, 0.000000, 0.000000, 1.000000  
        113: 1.000000, 0.000001, -0.000000, -0.000001, -0.000001, 0.906308, -0.422618, 0.074954, -0.000000, 0.422618, 0.906308, -0.338095, 0.000000, 0.000000, 0.000000, 1.000000  
        114: 1.000000, 0.000001, -0.000000, -0.000001, -0.000001, 0.906308, -0.422618, 0.074954, -0.000000, 0.422618, 0.906308, -0.338095, 0.000000, 0.000000, 0.000000, 1.000000  
        115: 1.000000, 0.000001, -0.000000, -0.000001, -0.000001, 0.906308, -0.422618, 0.074954, -0.000000, 0.422618, 0.906308, -0.338095, 0.000000, 0.000000, 0.000000, 1.000000  
        116: 1.000000, 0.000001, -0.000000, -0.000001, -0.000001, 0.906308, -0.422618, 0.074954, -0.000000, 0.422618, 0.906308, -0.338095, 0.000000, 0.000000, 0.000000, 1.000000  
        117: 1.000000, 0.000001, -0.000000, -0.000001, -0.000001, 0.906308, -0.422618, 0.074954, -0.000000, 0.422618, 0.906308, -0.338095, 0.000000, 0.000000, 0.000000, 1.000000  
        118: 1.000000, 0.000001, -0.000000, -0.000001, -0.000001, 0.906308, -0.422618, 0.074954, -0.000000, 0.422618, 0.906308, -0.338095, 0.000000, 0.000000, 0.000000, 1.000000  
        119: 1.000000, 0.000001, -0.000000, -0.000001, -0.000001, 0.906308, -0.422618, 0.074954, -0.000000, 0.422618, 0.906308, -0.338095, 0.000000, 0.000000, 0.000000, 1.000000  
        120: 1.000000, 0.000001, -0.000000, -0.000001, -0.000001, 0.906308, -0.422618, 0.074954, -0.000000, 0.422618, 0.906308, -0.338095, 0.000000, 0.000000, 0.000000, 1.000000  
        121: 1.000000, 0.000001, -0.000000, -0.000001, -0.000001, 0.906308, -0.422618, 0.074954, -0.000000, 0.422618, 0.906308, -0.338095, 0.000000, 0.000000, 0.000000, 1.000000  
        122: 1.000000, 0.000001, -0.000000, -0.000001, -0.000001, 0.906308, -0.422618, 0.074954, -0.000000, 0.422618, 0.906308, -0.338095, 0.000000, 0.000000, 0.000000, 1.000000  
        123: 1.000000, 0.000001, -0.000000, -0.000001, -0.000001, 0.906308, -0.422618, 0.074954, -0.000000, 0.422618, 0.906308, -0.338095, 0.000000, 0.000000, 0.000000, 1.000000  
        124: 1.000000, 0.000001, -0.000000, -0.000001, -0.000001, 0.906308, -0.422618, 0.074954, -0.000000, 0.422618, 0.906308, -0.338095, 0.000000, 0.000000, 0.000000, 1.000000  
        125: 1.000000, 0.000001, -0.000000, -0.000001, -0.000001, 0.906308, -0.422618, 0.074954, -0.000000, 0.422618, 0.906308, -0.338095, 0.000000, 0.000000, 0.000000, 1.000000  
    RightArm:
        84: 0.996195, -0.087155, -0.000000, 0.123539, 0.084185, 0.962250, -0.258819, -0.037040, 0.022557, 0.257834, 0.965926, -0.116420, 0.000000, 0.000000, 0.000000, 1.000000  
        85: 0.996148, -0.087680, 0.001187, 0.124293, 0.084992, 0.962103, -0.259102, -0.037157, 0.021576, 0.258204, 0.965849, -0.116546, 0.000000, 0.000000, 0.000000, 1.000000  
        86: 0.996026, -0.089033, 0.002286, 0.126237, 0.086562, 0.961705, -0.260058, -0.037228, 0.020956, 0.259222, 0.965590, -0.117722, 0.000000, 0.000000, 0.000000, 1.000000  
        87: 0.995827, -0.091199, 0.003294, 0.129349, 0.088880, 0.961055, -0.261675, -0.037245, 0.020699, 0.260876, 0.965150, -0.119935, 0.000000, 0.000000, 0.000000, 1.000000  
        88: 0.995549, -0.094147, 0.004212, 0.133586, 0.091916, 0.960153, -0.263928, -0.037196, 0.020804, 0.263140, 0.964533, -0.123147, 0.000000, 0.000000, 0.000000, 1.000000  
        89: 0.995191, -0.097824, 0.005042, 0.138878, 0.095618, 0.959004, -0.266774, -0.037069, 0.021262, 0.265973, 0.963746, -0.127297, 0.000000, 0.000000, 0.000000, 1.000000  
        90: 0.994751, -0.102159, 0.005789, 0.145123, 0.099917, 0.957618, -0.270157, -0.036848, 0.022055, 0.269317, 0.962799, -0.132295, 0.000000, 0.000000, 0.000000, 1.000000  
        91: 0.994232, -0.107058, 0.006459, 0.152189, 0.104723, 0.956011, -0.273999, -0.036521, 0.023159, 0.273095, 0.961708, -0.138026, 0.000000, 0.000000, 0.000000, 1.000000  
        92: 0.993637, -0.112408, 0.007058, 0.159917, 0.109924, 0.954210, -0.278209, -0.036079, 0.024538, 0.277215, 0.960495, -0.144345, 0.000000, 0.000000, 0.000000, 1.000000  
        93: 0.992976, -0.118075, 0.007594, 0.168116, 0.115394, 0.952248, -0.282681, -0.035520, 0.026146, 0.281572, 0.959184, -0.151088, 0.000000, 0.000000, 0.000000, 1.000000  
        94: 0.992260, -0.123917, 0.008074, 0.176581, 0.120998, 0.950168, -0.287298, -0.034850, 0.027929, 0.286051, 0.957807, -0.158073, 0.000000, 0.000000, 0.000000, 1.000000  
        95: 0.991506, -0.129782, 0.008504, 0.185093, 0.126594, 0.948022, -0.291939, -0.034084, 0.029826, 0.290536, 0.956399, -0.165110, 0.000000, 0.000000, 0.000000, 1.000000  
        96: 0.990735, -0.135521, 0.008888, 0.193436, 0.132043, 0.945865, -0.296485, -0.033245, 0.031773, 0.294911, 0.954996, -0.172014, 0.000000, 0.000000, 0.000000, 1.000000  
        97: 0.989968, -0.140993, 0.009229, 0.201403, 0.137216, 0.943757, -0.300821, -0.032363, 0.033703, 0.299070, 0.953636, -0.178608, 0.000000, 0.000000, 0.000000, 1.000000  
        98: 0.989228, -0.146070, 0.009529, 0.208807, 0.141997, 0.941756, -0.304847, -0.031473, 0.035555, 0.302917, 0.952354, -0.184735, 0.000000, 0.000000, 0.000000, 1.000000  
        99: 0.988540, -0.150644, 0.009787, 0.215487, 0.146288, 0.939916, -0.308476, -0.030614, 0.037271, 0.306372, 0.951182, -0.190259, 0.000000, 0.000000, 0.000000, 1.000000  
        100: 0.987922, -0.154627, 0.010004, 0.221310, 0.150014, 0.938285, -0.311636, -0.029820, 0.038801, 0.309373, 0.950149, -0.195072, 0.000000, 0.000000, 0.000000, 1.000000  
        101: 0.987395, -0.157951, 0.010179, 0.226174, 0.153114, 0.936903, -0.314274, -0.029126, 0.040104, 0.311871, 0.949278, -0.199090, 0.000000, 0.000000, 0.000000, 1.000000  
        102: 0.986971, -0.160569, 0.010312, 0.230009, 0.155549, 0.935802, -0.316353, -0.028558, 0.041146, 0.313835, 0.948586, -0.202257, 0.000000, 0.000000, 0.000000, 1.000000  
        103: 0.986662, -0.162450, 0.010405, 0.232766, 0.157296, 0.935003, -0.317847, -0.028139, 0.041906, 0.315244, 0.948085, -0.204533, 0.000000, 0.000000, 0.000000, 1.000000  
        104: 0.986475, -0.163580, 0.010458, 0.234423, 0.158344, 0.934521, -0.318744, -0.027882, 0.042367, 0.316089, 0.947783, -0.205901, 0.000000, 0.000000, 0.000000, 1.000000  
        105: 0.986412, -0.163956, 0.010475, 0.234974, 0.158692, 0.934360, -0.319043, -0.027796, 0.042521, 0.316370, 0.947682, -0.206356, 0.000000, 0.000000, 0.000000, 1.000000  
        106: 0.986474, -0.163590, 0.010410, 0.234437, 0.158338, 0.934521, -0.318747, -0.027880, 0.042416, 0.316084, 0.947783, -0.205913, 0.000000, 0.000000, 0.000000, 1.000000  
        107: 0.986659, -0.162483, 0.010214, 0.232813, 0.157267, 0.935006, -0.317853, -0.028131, 0.042096, 0.315218, 0.948085, -0.204573, 0.000000, 0.000000, 0.000000, 1.000000  
        108: 0.986965, -0.160629, 0.009888, 0.230095, 0.155473, 0.935814, -0.316356, -0.028544, 0.041563, 0.313769, 0.948589, -0.202331, 0.000000, 0.000000, 0.000000, 1.000000  
        109: 0.987389, -0.158034, 0.009438, 0.226292, 0.152962, 0.936932, -0.314262, -0.029106, 0.040821, 0.311742, 0.949289, -0.199197, 0.000000, 0.000000, 0.000000, 1.000000  
        110: 0.987918, -0.154720, 0.008873, 0.221442, 0.149755, 0.938342, -0.311590, -0.029796, 0.039883, 0.309155, 0.950175, -0.195199, 0.000000, 0.000000, 0.000000, 1.000000  
        111: 0.988541, -0.150732, 0.008208, 0.215610, 0.145893, 0.940010, -0.308378, -0.030587, 0.038767, 0.306041, 0.951228, -0.190394, 0.000000, 0.000000, 0.000000, 1.000000  
        112: 0.989236, -0.146136, 0.007462, 0.208897, 0.141441, 0.941894, -0.304679, -0.031444, 0.037497, 0.302455, 0.952426, -0.184865, 0.000000, 0.000000, 0.000000, 1.000000  
        113: 0.989984, -0.141024, 0.006656, 0.201441, 0.136487, 0.943943, -0.300570, -0.032331, 0.036105, 0.298468, 0.953737, -0.178726, 0.000000, 0.000000, 0.000000, 1.000000  
        114: 0.990759, -0.135512, 0.005816, 0.193415, 0.131142, 0.946097, -0.296146, -0.033208, 0.034628, 0.294172, 0.955125, -0.172121, 0.000000, 0.000000, 0.000000, 1.000000  
        115: 0.991536, -0.129738, 0.004970, 0.185019, 0.125540, 0.948291, -0.291520, -0.034039, 0.033109, 0.289676, 0.956552, -0.165219, 0.000000, 0.000000, 0.000000, 1.000000  
        116: 0.992292, -0.123853, 0.004141, 0.176477, 0.119828, 0.950461, -0.286817, -0.034793, 0.031587, 0.285103, 0.957976, -0.158208, 0.000000, 0.000000, 0.000000, 1.000000  
        117: 0.993006, -0.118015, 0.003355, 0.168019, 0.114160, 0.952549, -0.282168, -0.035448, 0.030105, 0.280578, 0.959359, -0.151280, 0.000000, 0.000000, 0.000000, 1.000000  
        118: 0.993662, -0.112380, 0.002630, 0.159868, 0.108686, 0.954500, -0.277700, -0.035990, 0.028698, 0.276226, 0.960664, -0.144625, 0.000000, 0.000000, 0.000000, 1.000000  
        119: 0.994247, -0.107090, 0.001981, 0.152228, 0.103545, 0.956273, -0.273531, -0.036417, 0.027398, 0.272163, 0.961861, -0.138416, 0.000000, 0.000000, 0.000000, 1.000000  
        120: 0.994756, -0.102269, 0.001420, 0.145276, 0.098859, 0.957839, -0.269763, -0.036734, 0.026229, 0.268489, 0.962926, -0.132805, 0.000000, 0.000000, 0.000000, 1.000000  
        121: 0.995184, -0.098018, 0.000951, 0.139152, 0.094726, 0.959175, -0.266478, -0.036951, 0.025207, 0.265285, 0.963841, -0.127911, 0.000000, 0.000000, 0.000000, 1.000000  
        122: 0.995533, -0.094410, 0.000577, 0.133962, 0.091219, 0.960271, -0.263738, -0.037084, 0.024346, 0.262613, 0.964594, -0.123825, 0.000000, 0.000000, 0.000000, 1.000000  
        123: 0.995805, -0.091499, 0.000297, 0.129777, 0.088390, 0.961124, -0.261585, -0.037146, 0.023649, 0.260514, 0.965180, -0.120608, 0.000000, 0.000000, 0.000000, 1.000000  
        124: 0.996004, -0.089314, 0.000110, 0.126638, 0.086269, 0.961735, -0.260043, -0.037153, 0.023120, 0.259014, 0.965597, -0.118296, 0.000000, 0.000000, 0.000000, 1.000000  
        125: 0.996132, -0.087866, 0.000012, 0.124560, 0.084868, 0.962109, -0.259122, -0.037115, 0.022757, 0.258121, 0.965845, -0.116902, 0.000000, 0.000000, 0.000000, 1.000000  
    LeftArm:
        84: 0.996195, 0.087157, -0.000000, -0.123541, -0.084187, 0.962250, -0.258819, -0.037040, -0.022558, 0.257834, 0.965926, -0.116420, 0.000000, 0.000000, 0.000000, 1.000000  
        85: 0.996182, 0.087295, 0.000217, -0.123739, -0.084371, 0.963443, -0.254281, -0.038783, -0.022406, 0.253292, 0.967130, -0.110001, 0.000000, 0.000000, 0.000000, 1.000000  
        86: 0.996148, 0.087692, 0.000446, -0.124308, -0.084796, 0.964522, -0.250014, -0.040464, -0.022354, 0.249013, 0.968242, -0.103988, 0.000000, 0.000000, 0.000000, 1.000000  
        87: 0.996090, 0.088342, 0.000688, -0.125243, -0.085458, 0.965486, -0.246036, -0.042079, -0.022399, 0.245015, 0.969260, -0.098410, 0.000000, 0.000000, 0.000000, 1.000000  
        88: 0.996010, 0.089238, 0.000942, -0.126528, -0.086350, 0.966334, -0.242366, -0.043623, -0.022538, 0.241318, 0.970184, -0.093289, 0.000000, 0.000000, 0.000000, 1.000000  
        89: 0.995908, 0.090362, 0.001207, -0.128143, -0.087456, 0.967068, -0.239021, -0.045092, -0.022765, 0.237938, 0.971014, -0.088648, 0.000000, 0.000000, 0.000000, 1.000000  
        90: 0.995786, 0.091694, 0.001480, -0.130056, -0.088756, 0.967688, -0.236012, -0.046481, -0.023073, 0.234886, 0.971749, -0.084499, 0.000000, 0.000000, 0.000000, 1.000000  
        91: 0.995645, 0.093204, 0.001760, -0.132227, -0.090222, 0.968199, -0.233346, -0.047783, -0.023453, 0.232171, 0.972392, -0.080850, 0.000000, 0.000000, 0.000000, 1.000000  
        92: 0.995489, 0.094857, 0.002042, -0.134604, -0.091821, 0.968606, -0.231023, -0.048992, -0.023892, 0.229794, 0.972946, -0.077697, 0.000000, 0.000000, 0.000000, 1.000000  
        93: 0.995319, 0.096612, 0.002322, -0.137129, -0.093515, 0.968915, -0.229037, -0.050102, -0.024377, 0.227748, 0.973415, -0.075027, 0.000000, 0.000000, 0.000000, 1.000000  
        94: 0.995141, 0.098425, 0.002595, -0.139737, -0.095260, 0.969137, -0.227374, -0.051111, -0.024894, 0.226022, 0.973804, -0.072817, 0.000000, 0.000000, 0.000000, 1.000000  
        95: 0.994958, 0.100247, 0.002856, -0.142362, -0.097011, 0.969281, -0.226013, -0.052014, -0.025426, 0.224597, 0.974120, -0.071035, 0.000000, 0.000000, 0.000000, 1.000000  
        96: 0.994776, 0.102034, 0.003102, -0.144936, -0.098725, 0.969361, -0.224929, -0.052810, -0.025957, 0.223448, 0.974370, -0.069639, 0.000000, 0.000000, 0.000000, 1.000000  
        97: 0.994599, 0.103739, 0.003328, -0.147395, -0.100360, 0.969387, -0.224091, -0.053501, -0.026474, 0.222547, 0.974562, -0.068584, 0.000000, 0.000000, 0.000000, 1.000000  
        98: 0.994432, 0.105324, 0.003532, -0.149681, -0.101877, 0.969373, -0.223466, -0.054088, -0.026960, 0.221862, 0.974705, -0.067819, 0.000000, 0.000000, 0.000000, 1.000000  
        99: 0.994279, 0.106754, 0.003709, -0.151743, -0.103243, 0.969332, -0.223018, -0.054576, -0.027404, 0.221359, 0.974807, -0.067293, 0.000000, 0.000000, 0.000000, 1.000000  
        100: 0.994143, 0.108000, 0.003860, -0.153542, -0.104433, 0.969274, -0.222715, -0.054972, -0.027795, 0.221008, 0.974876, -0.066958, 0.000000, 0.000000, 0.000000, 1.000000  
        101: 0.994029, 0.109041, 0.003983, -0.155045, -0.105427, 0.969210, -0.222525, -0.055280, -0.028125, 0.220776, 0.974919, -0.066765, 0.000000, 0.000000, 0.000000, 1.000000  
        102: 0.993939, 0.109861, 0.004077, -0.156230, -0.106209, 0.969149, -0.222417, -0.055507, -0.028387, 0.220636, 0.974943, -0.066674, 0.000000, 0.000000, 0.000000, 1.000000  
        103: 0.993873, 0.110452, 0.004144, -0.157082, -0.106771, 0.969099, -0.222367, -0.055662, -0.028576, 0.220562, 0.974954, -0.066646, 0.000000, 0.000000, 0.000000, 1.000000  
        104: 0.993833, 0.110806, 0.004183, -0.157595, -0.107109, 0.969066, -0.222350, -0.055750, -0.028691, 0.220531, 0.974958, -0.066649, 0.000000, 0.000000, 0.000000, 1.000000  
        105: 0.993820, 0.110924, 0.004196, -0.157765, -0.107221, 0.969054, -0.222348, -0.055778, -0.028730, 0.220524, 0.974958, -0.066655, 0.000000, 0.000000, 0.000000, 1.000000  
        106: 0.993833, 0.110809, 0.004183, -0.157599, -0.107112, 0.969063, -0.222358, -0.055748, -0.028693, 0.220539, 0.974956, -0.066660, 0.000000, 0.000000, 0.000000, 1.000000  
        107: 0.993870, 0.110480, 0.004146, -0.157123, -0.106798, 0.969090, -0.222395, -0.055659, -0.028588, 0.220589, 0.974948, -0.066688, 0.000000, 0.000000, 0.000000, 1.000000  
        108: 0.993928, 0.109956, 0.004086, -0.156367, -0.106298, 0.969127, -0.222471, -0.055512, -0.028421, 0.220686, 0.974931, -0.066758, 0.000000, 0.000000, 0.000000, 1.000000  
        109: 0.994006, 0.109257, 0.004004, -0.155357, -0.105630, 0.969170, -0.222600, -0.055306, -0.028201, 0.220843, 0.974902, -0.066889, 0.000000, 0.000000, 0.000000, 1.000000  
        110: 0.994100, 0.108398, 0.003901, -0.154117, -0.104811, 0.969215, -0.222794, -0.055040, -0.027932, 0.221071, 0.974858, -0.067101, 0.000000, 0.000000, 0.000000, 1.000000  
        111: 0.994209, 0.107397, 0.003779, -0.152671, -0.103853, 0.969255, -0.223068, -0.054713, -0.027620, 0.221384, 0.974796, -0.067414, 0.000000, 0.000000, 0.000000, 1.000000  
        112: 0.994331, 0.106266, 0.003639, -0.151039, -0.102772, 0.969285, -0.223436, -0.054323, -0.027271, 0.221795, 0.974712, -0.067850, 0.000000, 0.000000, 0.000000, 1.000000  
        113: 0.994464, 0.105021, 0.003481, -0.149243, -0.101580, 0.969301, -0.223914, -0.053868, -0.026889, 0.222321, 0.974603, -0.068434, 0.000000, 0.000000, 0.000000, 1.000000  
        114: 0.994606, 0.103675, 0.003305, -0.147302, -0.100290, 0.969295, -0.224521, -0.053343, -0.026481, 0.222979, 0.974464, -0.069192, 0.000000, 0.000000, 0.000000, 1.000000  
        115: 0.994755, 0.102241, 0.003114, -0.145235, -0.098916, 0.969260, -0.225279, -0.052745, -0.026051, 0.223789, 0.974289, -0.070154, 0.000000, 0.000000, 0.000000, 1.000000  
        116: 0.994909, 0.100735, 0.002907, -0.143065, -0.097470, 0.969190, -0.226210, -0.052068, -0.025604, 0.224775, 0.974074, -0.071356, 0.000000, 0.000000, 0.000000, 1.000000  
        117: 0.995067, 0.099170, 0.002684, -0.140811, -0.095967, 0.969074, -0.227345, -0.051305, -0.025147, 0.225965, 0.973811, -0.072839, 0.000000, 0.000000, 0.000000, 1.000000  
        118: 0.995226, 0.097564, 0.002448, -0.138498, -0.094421, 0.968903, -0.228717, -0.050448, -0.024686, 0.227394, 0.973490, -0.074655, 0.000000, 0.000000, 0.000000, 1.000000  
        119: 0.995385, 0.095934, 0.002197, -0.136153, -0.092851, 0.968663, -0.230371, -0.049483, -0.024228, 0.229104, 0.973100, -0.076865, 0.000000, 0.000000, 0.000000, 1.000000  
        120: 0.995542, 0.094304, 0.001932, -0.133808, -0.091276, 0.968337, -0.232361, -0.048398, -0.023783, 0.231148, 0.972628, -0.079550, 0.000000, 0.000000, 0.000000, 1.000000  
        121: 0.995693, 0.092699, 0.001653, -0.131501, -0.089722, 0.967904, -0.234759, -0.047169, -0.023362, 0.233599, 0.972052, -0.082813, 0.000000, 0.000000, 0.000000, 1.000000  
        122: 0.995836, 0.091156, 0.001360, -0.129283, -0.088222, 0.967333, -0.237663, -0.045770, -0.022980, 0.236554, 0.971347, -0.086796, 0.000000, 0.000000, 0.000000, 1.000000  
        123: 0.995966, 0.089724, 0.001053, -0.127227, -0.086822, 0.966580, -0.241216, -0.044156, -0.022660, 0.240151, 0.970471, -0.091705, 0.000000, 0.000000, 0.000000, 1.000000  
        124: 0.996078, 0.088478, 0.000728, -0.125438, -0.085589, 0.965578, -0.245630, -0.042260, -0.022436, 0.244604, 0.969363, -0.097849, 0.000000, 0.000000, 0.000000, 1.000000  
        125: 0.996161, 0.087542, 0.000381, -0.124094, -0.084638, 0.964211, -0.251265, -0.039965, -0.022363, 0.250269, 0.967918, -0.105750, 0.000000, 0.000000, 0.000000, 1.000000  
    Head:
        84: 1.000000, -0.000000, 0.000000, 0.000001, 0.000000, 1.000000, -0.000000, -0.074954, -0.000000, -0.000000, 1.000000, 0.338095, 0.000000, 0.000000, 0.000000, 1.000000  
        85: 1.000000, -0.000000, 0.000000, 0.000001, 0.000000, 1.000000, -0.000000, -0.074954, -0.000000, -0.000000, 1.000000, 0.338095, 0.000000, 0.000000, 0.000000, 1.000000  
        86: 1.000000, -0.000000, 0.000000, 0.000001, 0.000000, 1.000000, -0.000000, -0.074954, -0.000000, -0.000000, 1.000000, 0.338095, 0.000000, 0.000000, 0.000000, 1.000000  
        87: 1.000000, -0.000000, 0.000000, 0.000001, 0.000000, 1.000000, -0.000000, -0.074954, -0.000000, -0.000000, 1.000000, 0.338095, 0.000000, 0.000000, 0.000000, 1.000000  
        88: 1.000000, -0.000000, 0.000000, 0.000001, 0.000000, 1.000000, -0.000000, -0.074954, -0.000000, -0.000000, 1.000000, 0.338095, 0.000000, 0.000000, 0.000000, 1.000000  
        89: 1.000000, -0.000000, 0.000000, 0.000001, 0.000000, 1.000000, -0.000000, -0.074954, -0.000000, -0.000000, 1.000000, 0.338095, 0.000000, 0.000000, 0.000000, 1.000000  
        90: 1.000000, -0.000000, 0.000000, 0.000001, 0.000000, 1.000000, -0.000000, -0.074954, -0.000000, -0.000000, 1.000000, 0.338095, 0.000000, 0.000000, 0.000000, 1.000000  
        91: 1.000000, -0.000000, 0.000000, 0.000001, 0.000000, 1.000000, -0.000000, -0.074954, -0.000000, -0.000000, 1.000000, 0.338095, 0.000000, 0.000000, 0.000000, 1.000000  
        92: 1.000000, -0.000000, 0.000000, 0.000001, 0.000000, 1.000000, -0.000000, -0.074954, -0.000000, -0.000000, 1.000000, 0.338095, 0.000000, 0.000000, 0.000000, 1.000000  
        93: 1.000000, -0.000000, 0.000000, 0.000001, 0.000000, 1.000000, -0.000000, -0.074954, -0.000000, -0.000000, 1.000000, 0.338095, 0.000000, 0.000000, 0.000000, 1.000000  
        94: 1.000000, -0.000000, 0.000000, 0.000001, 0.000000, 1.000000, -0.000000, -0.074954, -0.000000, -0.000000, 1.000000, 0.338095, 0.000000, 0.000000, 0.000000, 1.000000  
        95: 1.000000, -0.000000, 0.000000, 0.000001, 0.000000, 1.000000, -0.000000, -0.074954, -0.000000, -0.000000, 1.000000, 0.338095, 0.000000, 0.000000, 0.000000, 1.000000  
        96: 1.000000, -0.000000, 0.000000, 0.000001, 0.000000, 1.000000, -0.000000, -0.074954, -0.000000, -0.000000, 1.000000, 0.338095, 0.000000, 0.000000, 0.000000, 1.000000  
        97: 1.000000, -0.000000, 0.000000, 0.000001, 0.000000, 1.000000, -0.000000, -0.074954, -0.000000, -0.000000, 1.000000, 0.338095, 0.000000, 0.000000, 0.000000, 1.000000  
        98: 1.000000, -0.000000, 0.000000, 0.000001, 0.000000, 1.000000, -0.000000, -0.074954, -0.000000, -0.000000, 1.000000, 0.338095, 0.000000, 0.000000, 0.000000, 1.000000  
        99: 1.000000, -0.000000, 0.000000, 0.000001, 0.000000, 1.000000, -0.000000, -0.074954, -0.000000, -0.000000, 1.000000, 0.338095, 0.000000, 0.000000, 0.000000, 1.000000  
        100: 1.000000, -0.000000, 0.000000, 0.000001, 0.000000, 1.000000, -0.000000, -0.074954, -0.000000, -0.000000, 1.000000, 0.338095, 0.000000, 0.000000, 0.000000, 1.000000  
        101: 1.000000, -0.000000, 0.000000, 0.000001, 0.000000, 1.000000, -0.000000, -0.074954, -0.000000, -0.000000, 1.000000, 0.338095, 0.000000, 0.000000, 0.000000, 1.000000  
        102: 1.000000, -0.000000, 0.000000, 0.000001, 0.000000, 1.000000, -0.000000, -0.074954, -0.000000, -0.000000, 1.000000, 0.338095, 0.000000, 0.000000, 0.000000, 1.000000  
        103: 1.000000, -0.000000, 0.000000, 0.000001, 0.000000, 1.000000, -0.000000, -0.074954, -0.000000, -0.000000, 1.000000, 0.338095, 0.000000, 0.000000, 0.000000, 1.000000  
        104: 1.000000, -0.000000, 0.000000, 0.000001, 0.000000, 1.000000, -0.000000, -0.074954, -0.000000, -0.000000, 1.000000, 0.338095, 0.000000, 0.000000, 0.000000, 1.000000  
        105: 1.000000, -0.000000, 0.000000, 0.000001, 0.000000, 1.000000, -0.000000, -0.074954, -0.000000, -0.000000, 1.000000, 0.338095, 0.000000, 0.000000, 0.000000, 1.000000  
        106: 1.000000, -0.000000, 0.000000, 0.000001, 0.000000, 1.000000, -0.000000, -0.074954, -0.000000, -0.000000, 1.000000, 0.338095, 0.000000, 0.000000, 0.000000, 1.000000  
        107: 1.000000, -0.000000, 0.000000, 0.000001, 0.000000, 1.000000, -0.000000, -0.074954, -0.000000, -0.000000, 1.000000, 0.338095, 0.000000, 0.000000, 0.000000, 1.000000  
        108: 1.000000, -0.000000, 0.000000, 0.000001, 0.000000, 1.000000, -0.000000, -0.074954, -0.000000, -0.000000, 1.000000, 0.338095, 0.000000, 0.000000, 0.000000, 1.000000  
        109: 1.000000, -0.000000, 0.000000, 0.000001, 0.000000, 1.000000, -0.000000, -0.074954, -0.000000, -0.000000, 1.000000, 0.338095, 0.000000, 0.000000, 0.000000, 1.000000  
        110: 1.000000, -0.000000, 0.000000, 0.000001, 0.000000, 1.000000, -0.000000, -0.074954, -0.000000, -0.000000, 1.000000, 0.338095, 0.000000, 0.000000, 0.000000, 1.000000  
        111: 1.000000, -0.000000, 0.000000, 0.000001, 0.000000, 1.000000, -0.000000, -0.074954, -0.000000, -0.000000, 1.000000, 0.338095, 0.000000, 0.000000, 0.000000, 1.000000  
        112: 1.000000, -0.000000, 0.000000, 0.000001, 0.000000, 1.000000, -0.000000, -0.074954, -0.000000, -0.000000, 1.000000, 0.338095, 0.000000, 0.000000, 0.000000, 1.000000  
        113: 1.000000, -0.000000, 0.000000, 0.000001, 0.000000, 1.000000, -0.000000, -0.074954, -0.000000, -0.000000, 1.000000, 0.338095, 0.000000, 0.000000, 0.000000, 1.000000  
        114: 1.000000, -0.000000, 0.000000, 0.000001, 0.000000, 1.000000, -0.000000, -0.074954, -0.000000, -0.000000, 1.000000, 0.338095, 0.000000, 0.000000, 0.000000, 1.000000  
        115: 1.000000, -0.000000, 0.000000, 0.000001, 0.000000, 1.000000, -0.000000, -0.074954, -0.000000, -0.000000, 1.000000, 0.338095, 0.000000, 0.000000, 0.000000, 1.000000  
        116: 1.000000, -0.000000, 0.000000, 0.000001, 0.000000, 1.000000, -0.000000, -0.074954, -0.000000, -0.000000, 1.000000, 0.338095, 0.000000, 0.000000, 0.000000, 1.000000  
        117: 1.000000, -0.000000, 0.000000, 0.000001, 0.000000, 1.000000, -0.000000, -0.074954, -0.000000, -0.000000, 1.000000, 0.338095, 0.000000, 0.000000, 0.000000, 1.000000  
        118: 1.000000, -0.000000, 0.000000, 0.000001, 0.000000, 1.000000, -0.000000, -0.074954, -0.000000, -0.000000, 1.000000, 0.338095, 0.000000, 0.000000, 0.000000, 1.000000  
        119: 1.000000, -0.000000, 0.000000, 0.000001, 0.000000, 1.000000, -0.000000, -0.074954, -0.000000, -0.000000, 1.000000, 0.338095, 0.000000, 0.000000, 0.000000, 1.000000  
        120: 1.000000, -0.000000, 0.000000, 0.000001, 0.000000, 1.000000, -0.000000, -0.074954, -0.000000, -0.000000, 1.000000, 0.338095, 0.000000, 0.000000, 0.000000, 1.000000  
        121: 1.000000, -0.000000, 0.000000, 0.000001, 0.000000, 1.000000, -0.000000, -0.074954, -0.000000, -0.000000, 1.000000, 0.338095, 0.000000, 0.000000, 0.000000, 1.000000  
        122: 1.000000, -0.000000, 0.000000, 0.000001, 0.000000, 1.000000, -0.000000, -0.074954, -0.000000, -0.000000, 1.000000, 0.338095, 0.000000, 0.000000, 0.000000, 1.000000  
        123: 1.000000, -0.000000, 0.000000, 0.000001, 0.000000, 1.000000, -0.000000, -0.074954, -0.000000, -0.000000, 1.000000, 0.338095, 0.000000, 0.000000, 0.000000, 1.000000  
        124: 1.000000, -0.000000, 0.000000, 0.000001, 0.000000, 1.000000, -0.000000, -0.074954, -0.000000, -0.000000, 1.000000, 0.338095, 0.000000, 0.000000, 0.000000, 1.000000  
        125: 1.000000, -0.000000, 0.000000, 0.000001, 0.000000, 1.000000, -0.000000, -0.074954, -0.000000, -0.000000, 1.000000, 0.338095, 0.000000, 0.000000, 0.000000, 1.000000  
    LeftLeg:
        84: 1.000000, 0.000001, 0.000000, -0.000001, -0.000001, 1.000000, 0.000000, 0.009369, -0.000000, -0.000000, 1.000000, -0.042262, 0.000000, 0.000000, 0.000000, 1.000000  
        85: 1.000000, 0.000001, 0.000000, -0.000001, -0.000001, 1.000000, 0.000000, 0.009369, -0.000000, -0.000000, 1.000000, -0.042262, 0.000000, 0.000000, 0.000000, 1.000000  
        86: 1.000000, 0.000001, 0.000000, -0.000001, -0.000001, 1.000000, 0.000000, 0.009369, -0.000000, -0.000000, 1.000000, -0.042262, 0.000000, 0.000000, 0.000000, 1.000000  
        87: 1.000000, 0.000001, 0.000000, -0.000001, -0.000001, 1.000000, 0.000000, 0.009369, -0.000000, -0.000000, 1.000000, -0.042262, 0.000000, 0.000000, 0.000000, 1.000000  
        88: 1.000000, 0.000001, 0.000000, -0.000001, -0.000001, 1.000000, 0.000000, 0.009369, -0.000000, -0.000000, 1.000000, -0.042262, 0.000000, 0.000000, 0.000000, 1.000000  
        89: 1.000000, 0.000001, 0.000000, -0.000001, -0.000001, 1.000000, 0.000000, 0.009369, -0.000000, -0.000000, 1.000000, -0.042262, 0.000000, 0.000000, 0.000000, 1.000000  
        90: 1.000000, 0.000001, 0.000000, -0.000001, -0.000001, 1.000000, 0.000000, 0.009369, -0.000000, -0.000000, 1.000000, -0.042262, 0.000000, 0.000000, 0.000000, 1.000000  
        91: 1.000000, 0.000001, 0.000000, -0.000001, -0.000001, 1.000000, 0.000000, 0.009369, -0.000000, -0.000000, 1.000000, -0.042262, 0.000000, 0.000000, 0.000000, 1.000000  
        92: 1.000000, 0.000001, 0.000000, -0.000001, -0.000001, 1.000000, 0.000000, 0.009369, -0.000000, -0.000000, 1.000000, -0.042262, 0.000000, 0.000000, 0.000000, 1.000000  
        93: 1.000000, 0.000001, 0.000000, -0.000001, -0.000001, 1.000000, 0.000000, 0.009369, -0.000000, -0.000000, 1.000000, -0.042262, 0.000000, 0.000000, 0.000000, 1.000000  
        94: 1.000000, 0.000001, 0.000000, -0.000001, -0.000001, 1.000000, 0.000000, 0.009369, -0.000000, -0.000000, 1.000000, -0.042262, 0.000000, 0.000000, 0.000000, 1.000000  
        95: 1.000000, 0.000001, 0.000000, -0.000001, -0.000001, 1.000000, 0.000000, 0.009369, -0.000000, -0.000000, 1.000000, -0.042262, 0.000000, 0.000000, 0.000000, 1.000000  
        96: 1.000000, 0.000001, 0.000000, -0.000001, -0.000001, 1.000000, 0.000000, 0.009369, -0.000000, -0.000000, 1.000000, -0.042262, 0.000000, 0.000000, 0.000000, 1.000000  
        97: 1.000000, 0.000001, 0.000000, -0.000001, -0.000001, 1.000000, 0.000000, 0.009369, -0.000000, -0.000000, 1.000000, -0.042262, 0.000000, 0.000000, 0.000000, 1.000000  
        98: 1.000000, 0.000001, 0.000000, -0.000001, -0.000001, 1.000000, 0.000000, 0.009369, -0.000000, -0.000000, 1.000000, -0.042262, 0.000000, 0.000000, 0.000000, 1.000000  
        99: 1.000000, 0.000001, 0.000000, -0.000001, -0.000001, 1.000000, 0.000000, 0.009369, -0.000000, -0.000000, 1.000000, -0.042262, 0.000000, 0.000000, 0.000000, 1.000000  
        100: 1.000000, 0.000001, 0.000000, -0.000001, -0.000001, 1.000000, 0.000000, 0.009369, -0.000000, -0.000000, 1.000000, -0.042262, 0.000000, 0.000000, 0.000000, 1.000000  
        101: 1.000000, 0.000001, 0.000000, -0.000001, -0.000001, 1.000000, 0.000000, 0.009369, -0.000000, -0.000000, 1.000000, -0.042262, 0.000000, 0.000000, 0.000000, 1.000000  
        102: 1.000000, 0.000001, 0.000000, -0.000001, -0.000001, 1.000000, 0.000000, 0.009369, -0.000000, -0.000000, 1.000000, -0.042262, 0.000000, 0.000000, 0.000000, 1.000000  
        103: 1.000000, 0.000001, 0.000000, -0.000001, -0.000001, 1.000000, 0.000000, 0.009369, -0.000000, -0.000000, 1.000000, -0.042262, 0.000000, 0.000000, 0.000000, 1.000000  
        104: 1.000000, 0.000001, 0.000000, -0.000001, -0.000001, 1.000000, 0.000000, 0.009369, -0.000000, -0.000000, 1.000000, -0.042262, 0.000000, 0.000000, 0.000000, 1.000000  
        105: 1.000000, 0.000001, 0.000000, -0.000001, -0.000001, 1.000000, 0.000000, 0.009369, -0.000000, -0.000000, 1.000000, -0.042262, 0.000000, 0.000000, 0.000000, 1.000000  
        106: 1.000000, 0.000001, 0.000000, -0.000001, -0.000001, 1.000000, 0.000000, 0.009369, -0.000000, -0.000000, 1.000000, -0.042262, 0.000000, 0.000000, 0.000000, 1.000000  
        107: 1.000000, 0.000001, 0.000000, -0.000001, -0.000001, 1.000000, 0.000000, 0.009369, -0.000000, -0.000000, 1.000000, -0.042262, 0.000000, 0.000000, 0.000000, 1.000000  
        108: 1.000000, 0.000001, 0.000000, -0.000001, -0.000001, 1.000000, 0.000000, 0.009369, -0.000000, -0.000000, 1.000000, -0.042262, 0.000000, 0.000000, 0.000000, 1.000000  
        109: 1.000000, 0.000001, 0.000000, -0.000001, -0.000001, 1.000000, 0.000000, 0.009369, -0.000000, -0.000000, 1.000000, -0.042262, 0.000000, 0.000000, 0.000000, 1.000000  
        110: 1.000000, 0.000001, 0.000000, -0.000001, -0.000001, 1.000000, 0.000000, 0.009369, -0.000000, -0.000000, 1.000000, -0.042262, 0.000000, 0.000000, 0.000000, 1.000000  
        111: 1.000000, 0.000001, 0.000000, -0.000001, -0.000001, 1.000000, 0.000000, 0.009369, -0.000000, -0.000000, 1.000000, -0.042262, 0.000000, 0.000000, 0.000000, 1.000000  
        112: 1.000000, 0.000001, 0.000000, -0.000001, -0.000001, 1.000000, 0.000000, 0.009369, -0.000000, -0.000000, 1.000000, -0.042262, 0.000000, 0.000000, 0.000000, 1.000000  
        113: 1.000000, 0.000001, 0.000000, -0.000001, -0.000001, 1.000000, 0.000000, 0.009369, -0.000000, -0.000000, 1.000000, -0.042262, 0.000000, 0.000000, 0.000000, 1.000000  
        114: 1.000000, 0.000001, 0.000000, -0.000001, -0.000001, 1.000000, 0.000000, 0.009369, -0.000000, -0.000000, 1.000000, -0.042262, 0.000000, 0.000000, 0.000000, 1.000000  
        115: 1.000000, 0.000001, 0.000000, -0.000001, -0.000001, 1.000000, 0.000000, 0.009369, -0.000000, -0.000000, 1.000000, -0.042262, 0.000000, 0.000000, 0.000000, 1.000000  
        116: 1.000000, 0.000001, 0.000000, -0.000001, -0.000001, 1.000000, 0.000000, 0.009369, -0.000000, -0.000000, 1.000000, -0.042262, 0.000000, 0.000000, 0.000000, 1.000000  
        117: 1.000000, 0.000001, 0.000000, -0.000001, -0.000001, 1.000000, 0.000000, 0.009369, -0.000000, -0.000000, 1.000000, -0.042262, 0.000000, 0.000000, 0.000000, 1.000000  
        118: 1.000000, 0.000001, 0.000000, -0.000001, -0.000001, 1.000000, 0.000000, 0.009369, -0.000000, -0.000000, 1.000000, -0.042262, 0.000000, 0.000000, 0.000000, 1.000000  
        119: 1.000000, 0.000001, 0.000000, -0.000001, -0.000001, 1.000000, 0.000000, 0.009369, -0.000000, -0.000000, 1.000000, -0.042262, 0.000000, 0.000000, 0.000000, 1.000000  
        120: 1.000000, 0.000001, 0.000000, -0.000001, -0.000001, 1.000000, 0.000000, 0.009369, -0.000000, -0.000000, 1.000000, -0.042262, 0.000000, 0.000000, 0.000000, 1.000000  
        121: 1.000000, 0.000001, 0.000000, -0.000001, -0.000001, 1.000000, 0.000000, 0.009369, -0.000000, -0.000000, 1.000000, -0.042262, 0.000000, 0.000000, 0.000000, 1.000000  
        122: 1.000000, 0.000001, 0.000000, -0.000001, -0.000001, 1.000000, 0.000000, 0.009369, -0.000000, -0.000000, 1.000000, -0.042262, 0.000000, 0.000000, 0.000000, 1.000000  
        123: 1.000000, 0.000001, 0.000000, -0.000001, -0.000001, 1.000000, 0.000000, 0.009369, -0.000000, -0.000000, 1.000000, -0.042262, 0.000000, 0.000000, 0.000000, 1.000000  
        124: 1.000000, 0.000001, 0.000000, -0.000001, -0.000001, 1.000000, 0.000000, 0.009369, -0.000000, -0.000000, 1.000000, -0.042262, 0.000000, 0.000000, 0.000000, 1.000000  
        125: 1.000000, 0.000001, 0.000000, -0.000001, -0.000001, 1.000000, 0.000000, 0.009369, -0.000000, -0.000000, 1.000000, -0.042262, 0.000000, 0.000000, 0.000000, 1.000000  
    RightLeg:
        84: 1.000000, 0.000001, 0.000000, -0.000001, -0.000001, 1.000000, 0.000000, 0.009369, -0.000000, -0.000000, 1.000000, -0.042262, 0.000000, 0.000000, 0.000000, 1.000000  
        85: 1.000000, 0.000001, 0.000000, -0.000001, -0.000001, 1.000000, 0.000000, 0.009369, -0.000000, -0.000000, 1.000000, -0.042262, 0.000000, 0.000000, 0.000000, 1.000000  
        86: 1.000000, 0.000001, 0.000000, -0.000001, -0.000001, 1.000000, 0.000000, 0.009369, -0.000000, -0.000000, 1.000000, -0.042262, 0.000000, 0.000000, 0.000000, 1.000000  
        87: 1.000000, 0.000001, 0.000000, -0.000001, -0.000001, 1.000000, 0.000000, 0.009369, -0.000000, -0.000000, 1.000000, -0.042262, 0.000000, 0.000000, 0.000000, 1.000000  
        88: 1.000000, 0.000001, 0.000000, -0.000001, -0.000001, 1.000000, 0.000000, 0.009369, -0.000000, -0.000000, 1.000000, -0.042262, 0.000000, 0.000000, 0.000000, 1.000000  
        89: 1.000000, 0.000001, 0.000000, -0.000001, -0.000001, 1.000000, 0.000000, 0.009369, -0.000000, -0.000000, 1.000000, -0.042262, 0.000000, 0.000000, 0.000000, 1.000000  
        90: 1.000000, 0.000001, 0.000000, -0.000001, -0.000001, 1.000000, 0.000000, 0.009369, -0.000000, -0.000000, 1.000000, -0.042262, 0.000000, 0.000000, 0.000000, 1.000000  
        91: 1.000000, 0.000001, 0.000000, -0.000001, -0.000001, 1.000000, 0.000000, 0.009369, -0.000000, -0.000000, 1.000000, -0.042262, 0.000000, 0.000000, 0.000000, 1.000000  
        92: 1.000000, 0.000001, 0.000000, -0.000001, -0.000001, 1.000000, 0.000000, 0.009369, -0.000000, -0.000000, 1.000000, -0.042262, 0.000000, 0.000000, 0.000000, 1.000000  
        93: 1.000000, 0.000001, 0.000000, -0.000001, -0.000001, 1.000000, 0.000000, 0.009369, -0.000000, -0.000000, 1.000000, -0.042262, 0.000000, 0.000000, 0.000000, 1.000000  
        94: 1.000000, 0.000001, 0.000000, -0.000001, -0.000001, 1.000000, 0.000000, 0.009369, -0.000000, -0.000000, 1.000000, -0.042262, 0.000000, 0.000000, 0.000000, 1.000000  
        95: 1.000000, 0.000001, 0.000000, -0.000001, -0.000001, 1.000000, 0.000000, 0.009369, -0.000000, -0.000000, 1.000000, -0.042262, 0.000000, 0.000000, 0.000000, 1.000000  
