Skeleton: skeleton://Spout/entities/Spouty/spouty.ske
frames: 20
delay: 0.041667
bones_data:
    Torso:
        60: 1.000000, -0.000000, -0.000000, 0.000000, 0.000000, 1.000000, 0.000000, 0.000000, 0.000000, 0.000000, 1.000000, -0.000000, 0.000000, 0.000000, 0.000000, 1.000000  
        61: 0.999969, -0.007909, -0.000000, 0.000000, 0.007909, 0.999969, -0.000000, 0.000000, 0.000000, 0.000000, 1.000000, -0.000000, 0.000000, 0.000000, 0.000000, 1.000000  
        62: 0.999510, -0.031315, -0.000000, 0.000000, 0.031315, 0.999510, -0.000000, 0.000000, 0.000000, 0.000000, 1.000000, -0.000000, 0.000000, 0.000000, 0.000000, 1.000000  
        63: 0.997755, -0.066966, -0.000000, 0.000000, 0.066966, 0.997755, -0.000000, 0.000000, 0.000000, -0.000000, 1.000000, -0.000000, 0.000000, 0.000000, 0.000000, 1.000000  
        64: 0.994225, -0.107311, -0.000000, 0.000000, 0.107311, 0.994225, -0.000000, 0.000000, 0.000000, -0.000000, 1.000000, -0.000000, 0.000000, 0.000000, 0.000000, 1.000000  
        65: 0.989762, -0.142725, -0.000000, 0.000000, 0.142725, 0.989762, -0.000000, 0.000000, 0.000000, -0.000000, 1.000000, -0.000000, 0.000000, 0.000000, 0.000000, 1.000000  
        66: 0.986150, -0.165854, -0.000000, 0.000000, 0.165854, 0.986150, -0.000000, 0.000000, 0.000000, -0.000000, 1.000000, -0.000000, 0.000000, 0.000000, 0.000000, 1.000000  
        67: 0.984808, -0.173648, -0.000000, 0.000000, 0.173648, 0.984808, -0.000000, 0.000000, 0.000000, -0.000000, 1.000000, -0.000000, 0.000000, 0.000000, 0.000000, 1.000000  
        68: 0.985471, -0.169841, -0.000000, 0.000000, 0.169841, 0.985471, -0.000000, 0.000000, 0.000000, -0.000000, 1.000000, -0.000000, 0.000000, 0.000000, 0.000000, 1.000000  
        69: 0.987381, -0.158364, -0.000000, 0.000000, 0.158364, 0.987381, -0.000000, 0.000000, 0.000000, -0.000000, 1.000000, -0.000000, 0.000000, 0.000000, 0.000000, 1.000000  
        70: 0.990201, -0.139649, -0.000000, 0.000000, 0.139649, 0.990201, -0.000000, 0.000000, 0.000000, -0.000000, 1.000000, -0.000000, 0.000000, 0.000000, 0.000000, 1.000000  
        71: 0.993356, -0.115082, -0.000000, 0.000000, 0.115082, 0.993356, -0.000000, 0.000000, 0.000000, -0.000000, 1.000000, -0.000000, 0.000000, 0.000000, 0.000000, 1.000000  
        72: 0.996195, -0.087157, -0.000000, 0.000000, 0.087157, 0.996195, -0.000000, 0.000000, 0.000000, -0.000000, 1.000000, -0.000000, 0.000000, 0.000000, 0.000000, 1.000000  
        73: 0.998248, -0.059163, -0.000000, 0.000000, 0.059163, 0.998248, -0.000000, 0.000000, 0.000000, -0.000000, 1.000000, -0.000000, 0.000000, 0.000000, 0.000000, 1.000000  
        74: 0.999407, -0.034421, -0.000000, 0.000000, 0.034421, 0.999407, -0.000000, 0.000000, 0.000000, 0.000000, 1.000000, -0.000000, 0.000000, 0.000000, 0.000000, 1.000000  
        75: 0.999880, -0.015499, -0.000000, 0.000000, 0.015499, 0.999880, -0.000000, 0.000000, 0.000000, 0.000000, 1.000000, -0.000000, 0.000000, 0.000000, 0.000000, 1.000000  
        76: 0.999993, -0.003865, -0.000000, 0.000000, 0.003865, 0.999993, -0.000000, 0.000000, 0.000000, 0.000000, 1.000000, -0.000000, 0.000000, 0.000000, 0.000000, 1.000000  
        77: 1.000000, 0.000000, 0.000000, 0.000000, 0.000000, 1.000000, 0.000000, 0.000000, 0.000000, 0.000000, 1.000000, -0.000000, 0.000000, 0.000000, 0.000000, 1.000000  
        78: 1.000000, 0.000000, 0.000000, 0.000000, 0.000000, 1.000000, 0.000000, 0.000000, 0.000000, 0.000000, 1.000000, -0.000000, 0.000000, 0.000000, 0.000000, 1.000000  
        79: 1.000000, 0.000000, 0.000000, 0.000000, 0.000000, 1.000000, 0.000000, 0.000000, 0.000000, 0.000000, 1.000000, -0.000000, 0.000000, 0.000000, 0.000000, 1.000000  
    RightArm:
        60: 0.996195, -0.000000, -0.087156, 0.123540, 0.000000, 1.000000, -0.000000, -0.000000, 0.087156, -0.000000, 0.996195, -0.029535, 0.000000, 0.000000, 0.000000, 1.000000  
        61: 0.996164, -0.008941, -0.087053, 0.123397, 0.007879, 0.999890, -0.012536, 0.017562, 0.087156, 0.011802, 0.996125, -0.029437, 0.000000, 0.000000, 0.000000, 1.000000  
        62: 0.995706, -0.035368, -0.085548, 0.121288, 0.031195, 0.998280, -0.049628, 0.069526, 0.087156, 0.046746, 0.995097, -0.027999, 0.000000, 0.000000, 0.000000, 1.000000  
        63: 0.993959, -0.075353, -0.079802, 0.113242, 0.066711, 0.992135, -0.105915, 0.148383, 0.087156, 0.099952, 0.991168, -0.022497, 0.000000, 0.000000, 0.000000, 1.000000  
        64: 0.990442, -0.119835, -0.068293, 0.097124, 0.106903, 0.979817, -0.168907, 0.236633, 0.087156, 0.159992, 0.983263, -0.011431, 0.000000, 0.000000, 0.000000, 1.000000  
        65: 0.985996, -0.157836, -0.053849, 0.076896, 0.142182, 0.964352, -0.223182, 0.312672, 0.087156, 0.212400, 0.973288, 0.002534, 0.000000, 0.000000, 0.000000, 1.000000  
        66: 0.982398, -0.181961, -0.042252, 0.060654, 0.165223, 0.951929, -0.257939, 0.361366, 0.087156, 0.246417, 0.965237, 0.013806, 0.000000, 0.000000, 0.000000, 1.000000  
        67: 0.981060, -0.189946, -0.037964, 0.054648, 0.172987, 0.947334, -0.269506, 0.377572, 0.087156, 0.257834, 0.962250, 0.017987, 0.000000, 0.000000, 0.000000, 1.000000  
        68: 0.981721, -0.186055, -0.040082, 0.057615, 0.169195, 0.949604, -0.263865, 0.369669, 0.087156, 0.252260, 0.963726, 0.015921, 0.000000, 0.000000, 0.000000, 1.000000  
        69: 0.983624, -0.174215, -0.046193, 0.066174, 0.157762, 0.956151, -0.246751, 0.345692, 0.087156, 0.235422, 0.967977, 0.009969, 0.000000, 0.000000, 0.000000, 1.000000  
        70: 0.986433, -0.154582, -0.055264, 0.078876, 0.139117, 0.965866, -0.218515, 0.306134, 0.087156, 0.207863, 0.974267, 0.001163, 0.000000, 0.000000, 0.000000, 1.000000  
        71: 0.989576, -0.128270, -0.065469, 0.093169, 0.114644, 0.976794, -0.180912, 0.253453, 0.087156, 0.171521, 0.981318, -0.008707, 0.000000, 0.000000, 0.000000, 1.000000  
        72: 0.992404, -0.097745, -0.074705, 0.106103, 0.086825, 0.986680, -0.137566, 0.192725, 0.087156, 0.130034, 0.987671, -0.017602, 0.000000, 0.000000, 0.000000, 1.000000  
        73: 0.994450, -0.066643, -0.081415, 0.115501, 0.058938, 0.993861, -0.093634, 0.131178, 0.087156, 0.088316, 0.992272, -0.024043, 0.000000, 0.000000, 0.000000, 1.000000  
        74: 0.995604, -0.038868, -0.085213, 0.120819, 0.034290, 0.997922, -0.054547, 0.076419, 0.087156, 0.051386, 0.994869, -0.027678, 0.000000, 0.000000, 0.000000, 1.000000  
        75: 0.996075, -0.017519, -0.086762, 0.122989, 0.015440, 0.999579, -0.024570, 0.034421, 0.087156, 0.023134, 0.995926, -0.029159, 0.000000, 0.000000, 0.000000, 1.000000  
        76: 0.996187, -0.004369, -0.087131, 0.123506, 0.003850, 0.999974, -0.006126, 0.008582, 0.087156, 0.005767, 0.996178, -0.029512, 0.000000, 0.000000, 0.000000, 1.000000  
        77: 0.996195, 0.000000, -0.087156, 0.123540, -0.000000, 1.000000, 0.000000, -0.000000, 0.087156, -0.000000, 0.996195, -0.029535, 0.000000, 0.000000, 0.000000, 1.000000  
        78: 0.996195, 0.000000, -0.087156, 0.123540, -0.000000, 1.000000, 0.000000, -0.000000, 0.087156, -0.000000, 0.996195, -0.029535, 0.000000, 0.000000, 0.000000, 1.000000  
        79: 0.996195, 0.000000, -0.087156, 0.123540, -0.000000, 1.000000, 0.000000, -0.000000, 0.087156, -0.000000, 0.996195, -0.029535, 0.000000, 0.000000, 0.000000, 1.000000  
    LeftArm:
        60: 0.996195, 0.000000, 0.087156, -0.123540, -0.000000, 1.000000, -0.000000, -0.000000, -0.087156, -0.000000, 0.996195, -0.029535, 0.000000, 0.000000, 0.000000, 1.000000  
        61: 0.949759, 0.048874, 0.309142, -0.452882, -0.059369, 0.997932, 0.024627, -0.061389, -0.307299, -0.041743, 0.950697, -0.053895, 0.000000, 0.000000, 0.000000, 1.000000  
        62: 0.539234, 0.105479, 0.835524, -1.353845, -0.264912, 0.963006, 0.049397, -0.187646, -0.799405, -0.247977, 0.547228, 0.314118, 0.000000, 0.000000, 0.000000, 1.000000  
        63: -0.108758, -0.062622, 0.992094, -1.831537, -0.505789, 0.862657, -0.000995, -0.227709, -0.855774, -0.501898, -0.125495, 1.233383, 0.000000, 0.000000, 0.000000, 1.000000  
        64: -0.310987, -0.320155, 0.894867, -1.774899, -0.693496, 0.720268, 0.016683, -0.343679, -0.649885, -0.615398, -0.446021, 1.764475, 0.000000, 0.000000, 0.000000, 1.000000  
        65: -0.080606, -0.669395, 0.738521, -1.462076, -0.855995, 0.426090, 0.292780, -0.809380, -0.510661, -0.608570, -0.607345, 2.046018, 0.000000, 0.000000, 0.000000, 1.000000  
        66: 0.383748, -0.865408, 0.322191, -0.692028, -0.765189, -0.102688, 0.635563, -1.262206, -0.516936, -0.490433, -0.701607, 2.175475, 0.000000, 0.000000, 0.000000, 1.000000  
        67: 0.620342, -0.781868, 0.062118, -0.232752, -0.566232, -0.391633, 0.725262, -1.311319, -0.542732, -0.485084, -0.685665, 2.142839, 0.000000, 0.000000, 0.000000, 1.000000  
        68: 0.737619, -0.673084, 0.053623, -0.174213, -0.384482, -0.353405, 0.852806, -1.415658, -0.555060, -0.649664, -0.519467, 1.905230, 0.000000, 0.000000, 0.000000, 1.000000  
        69: 0.842761, -0.528070, 0.104387, -0.203991, -0.097253, 0.041362, 0.994400, -1.494407, -0.529430, -0.848193, -0.016498, 1.211325, 0.000000, 0.000000, 0.000000, 1.000000  
        70: 0.917458, -0.379139, 0.120516, -0.197820, 0.103058, 0.519092, 0.848482, -1.202512, -0.384252, -0.766027, 0.515319, 0.524853, 0.000000, 0.000000, 0.000000, 1.000000  
        71: 0.951496, -0.285889, 0.113674, -0.175888, 0.148290, 0.749893, 0.644725, -0.889332, -0.269564, -0.596597, 0.755915, 0.233893, 0.000000, 0.000000, 0.000000, 1.000000  
        72: 0.969698, -0.217918, 0.110437, -0.165211, 0.137461, 0.860386, 0.490755, -0.666935, -0.201963, -0.460703, 0.864270, 0.109236, 0.000000, 0.000000, 0.000000, 1.000000  
        73: 0.983405, -0.148579, 0.104109, -0.151690, 0.106822, 0.938031, 0.329678, -0.442485, -0.146640, -0.313086, 0.938336, 0.027674, 0.000000, 0.000000, 0.000000, 1.000000  
        74: 0.991621, -0.085986, 0.096403, -0.138079, 0.067030, 0.980446, 0.185022, -0.245987, -0.110427, -0.177009, 0.977995, -0.013364, 0.000000, 0.000000, 0.000000, 1.000000  
        75: 0.995180, -0.038055, 0.090385, -0.128419, 0.030990, 0.996447, 0.078320, -0.103452, -0.093044, -0.075141, 0.992823, -0.027169, 0.000000, 0.000000, 0.000000, 1.000000  
        76: 0.996113, -0.009248, 0.087600, -0.124191, 0.007693, 0.999807, 0.018081, -0.023782, -0.087750, -0.017337, 0.995992, -0.029488, 0.000000, 0.000000, 0.000000, 1.000000  
        77: 0.996195, -0.000000, 0.087156, -0.123540, 0.000000, 1.000000, -0.000000, 0.000000, -0.087156, 0.000000, 0.996195, -0.029535, 0.000000, 0.000000, 0.000000, 1.000000  
        78: 0.996195, -0.000000, 0.087156, -0.123540, 0.000000, 1.000000, -0.000000, 0.000000, -0.087156, 0.000000, 0.996195, -0.029535, 0.000000, 0.000000, 0.000000, 1.000000  
        79: 0.996195, -0.000000, 0.087156, -0.123540, 0.000000, 1.000000, -0.000000, 0.000000, -0.087156, 0.000000, 0.996195, -0.029535, 0.000000, 0.000000, 0.000000, 1.000000  
    Head:
        60: 1.000000, -0.000000, 0.000000, 0.000000, -0.000000, 1.000000, -0.000000, -0.000000, -0.000000, -0.000000, 1.000000, -0.000000, 0.000000, 0.000000, 0.000000, 1.000000  
        61: 1.000000, 0.000000, -0.000000, 0.000000, -0.000000, 1.000000, -0.000000, 0.000000, 0.000000, 0.000000, 1.000000, -0.000000, 0.000000, 0.000000, 0.000000, 1.000000  
        62: 1.000000, 0.000000, -0.000000, 0.000000, -0.000000, 1.000000, -0.000000, 0.000000, 0.000000, 0.000000, 1.000000, -0.000000, 0.000000, 0.000000, 0.000000, 1.000000  
        63: 1.000000, 0.000000, -0.000000, 0.000000, -0.000000, 1.000000, -0.000000, 0.000000, 0.000000, 0.000000, 1.000000, -0.000000, 0.000000, 0.000000, 0.000000, 1.000000  
        64: 1.000000, 0.000000, -0.000000, 0.000000, -0.000000, 1.000000, -0.000000, 0.000000, 0.000000, 0.000000, 1.000000, -0.000000, 0.000000, 0.000000, 0.000000, 1.000000  
        65: 1.000000, 0.000000, -0.000000, 0.000000, -0.000000, 1.000000, -0.000000, 0.000000, 0.000000, 0.000000, 1.000000, -0.000000, 0.000000, 0.000000, 0.000000, 1.000000  
        66: 1.000000, 0.000000, -0.000000, 0.000000, -0.000000, 1.000000, -0.000000, 0.000000, 0.000000, 0.000000, 1.000000, -0.000000, 0.000000, 0.000000, 0.000000, 1.000000  
        67: 1.000000, 0.000000, -0.000000, 0.000000, -0.000000, 1.000000, -0.000000, 0.000000, 0.000000, 0.000000, 1.000000, -0.000000, 0.000000, 0.000000, 0.000000, 1.000000  
        68: 1.000000, 0.000000, -0.000000, 0.000000, -0.000000, 1.000000, -0.000000, 0.000000, 0.000000, 0.000000, 1.000000, -0.000000, 0.000000, 0.000000, 0.000000, 1.000000  
        69: 1.000000, 0.000000, -0.000000, 0.000000, -0.000000, 1.000000, -0.000000, 0.000000, 0.000000, 0.000000, 1.000000, -0.000000, 0.000000, 0.000000, 0.000000, 1.000000  
        70: 1.000000, 0.000000, -0.000000, 0.000000, -0.000000, 1.000000, -0.000000, 0.000000, 0.000000, 0.000000, 1.000000, -0.000000, 0.000000, 0.000000, 0.000000, 1.000000  
        71: 1.000000, 0.000000, -0.000000, 0.000000, -0.000000, 1.000000, -0.000000, 0.000000, 0.000000, 0.000000, 1.000000, -0.000000, 0.000000, 0.000000, 0.000000, 1.000000  
        72: 1.000000, 0.000000, -0.000000, 0.000000, -0.000000, 1.000000, -0.000000, 0.000000, 0.000000, 0.000000, 1.000000, -0.000000, 0.000000, 0.000000, 0.000000, 1.000000  
        73: 1.000000, 0.000000, -0.000000, 0.000000, -0.000000, 1.000000, -0.000000, 0.000000, 0.000000, 0.000000, 1.000000, -0.000000, 0.000000, 0.000000, 0.000000, 1.000000  
        74: 1.000000, 0.000000, -0.000000, 0.000000, -0.000000, 1.000000, -0.000000, 0.000000, 0.000000, 0.000000, 1.000000, -0.000000, 0.000000, 0.000000, 0.000000, 1.000000  
        75: 1.000000, 0.000000, -0.000000, 0.000000, -0.000000, 1.000000, -0.000000, 0.000000, 0.000000, 0.000000, 1.000000, -0.000000, 0.000000, 0.000000, 0.000000, 1.000000  
        76: 1.000000, 0.000000, -0.000000, 0.000000, -0.000000, 1.000000, -0.000000, 0.000000, 0.000000, 0.000000, 1.000000, -0.000000, 0.000000, 0.000000, 0.000000, 1.000000  
        77: 1.000000, -0.000000, 0.000000, 0.000000, -0.000000, 1.000000, -0.000000, -0.000000, -0.000000, -0.000000, 1.000000, -0.000000, 0.000000, 0.000000, 0.000000, 1.000000  
        78: 1.000000, -0.000000, 0.000000, 0.000000, -0.000000, 1.000000, -0.000000, -0.000000, -0.000000, -0.000000, 1.000000, -0.000000, 0.000000, 0.000000, 0.000000, 1.000000  
        79: 1.000000, -0.000000, 0.000000, 0.000000, -0.000000, 1.000000, -0.000000, -0.000000, -0.000000, -0.000000, 1.000000, -0.000000, 0.000000, 0.000000, 0.000000, 1.000000  
    LeftLeg:
        60: 1.000000, 0.000000, -0.000000, 0.000000, 0.000000, 1.000000, -0.000000, -0.000000, 0.000000, -0.000000, 1.000000, -0.000000, 0.000000, 0.000000, 0.000000, 1.000000  
        61: 1.000000, 0.000000, 0.000000, 0.000079, -0.000000, 1.000000, -0.000000, -0.000003, -0.000000, 0.000000, 1.000000, -0.000000, 0.000000, 0.000000, 0.000000, 1.000000  
        62: 1.000000, -0.000000, 0.000000, 0.000269, 0.000000, 1.000000, -0.000000, -0.000008, -0.000000, 0.000000, 1.000000, -0.000000, 0.000000, 0.000000, 0.000000, 1.000000  
        63: 1.000000, 0.000000, 0.000000, 0.000432, -0.000000, 1.000000, -0.000000, -0.000004, -0.000000, 0.000000, 1.000000, -0.000000, 0.000000, 0.000000, 0.000000, 1.000000  
        64: 1.000000, -0.000000, 0.000000, 0.000432, 0.000000, 1.000000, 0.000000, 0.000004, -0.000000, -0.000000, 1.000000, -0.000000, 0.000000, 0.000000, 0.000000, 1.000000  
        65: 1.000000, -0.000000, 0.000000, 0.000269, 0.000000, 1.000000, 0.000000, 0.000007, -0.000000, -0.000000, 1.000000, -0.000000, 0.000000, 0.000000, 0.000000, 1.000000  
        66: 1.000000, -0.000000, 0.000000, 0.000079, 0.000000, 1.000000, 0.000000, 0.000003, -0.000000, -0.000000, 1.000000, -0.000000, 0.000000, 0.000000, 0.000000, 1.000000  
        67: 1.000000, 0.000000, 0.000000, 0.000000, -0.000000, 1.000000, 0.000000, 0.000000, -0.000000, -0.000000, 1.000000, -0.000000, 0.000000, 0.000000, 0.000000, 1.000000  
        68: 1.000000, 0.000000, 0.000000, 0.000040, -0.000000, 1.000000, 0.000000, 0.000002, -0.000000, -0.000000, 1.000000, -0.000000, 0.000000, 0.000000, 0.000000, 1.000000  
        69: 1.000000, 0.000000, 0.000000, 0.000148, -0.000000, 1.000000, 0.000000, 0.000005, -0.000000, -0.000000, 1.000000, -0.000000, 0.000000, 0.000000, 0.000000, 1.000000  
        70: 1.000000, 0.000000, 0.000000, 0.000289, -0.000000, 1.000000, 0.000000, 0.000008, -0.000000, -0.000000, 1.000000, -0.000000, 0.000000, 0.000000, 0.000000, 1.000000  
        71: 1.000000, 0.000000, 0.000000, 0.000409, -0.000000, 1.000000, 0.000000, 0.000006, -0.000000, -0.000000, 1.000000, -0.000000, 0.000000, 0.000000, 0.000000, 1.000000  
        72: 1.000000, 0.000000, 0.000000, 0.000457, -0.000000, 1.000000, 0.000000, -0.000000, -0.000000, -0.000000, 1.000000, -0.000000, 0.000000, 0.000000, 0.000000, 1.000000  
        73: 1.000000, 0.000000, 0.000000, 0.000409, -0.000000, 1.000000, -0.000000, -0.000006, -0.000000, 0.000000, 1.000000, -0.000000, 0.000000, 0.000000, 0.000000, 1.000000  
        74: 1.000000, 0.000000, 0.000000, 0.000289, -0.000000, 1.000000, -0.000000, -0.000008, -0.000000, 0.000000, 1.000000, -0.000000, 0.000000, 0.000000, 0.000000, 1.000000  
        75: 1.000000, 0.000000, 0.000000, 0.000148, -0.000000, 1.000000, -0.000000, -0.000005, -0.000000, 0.000000, 1.000000, -0.000000, 0.000000, 0.000000, 0.000000, 1.000000  
        76: 1.000000, 0.000000, 0.000000, 0.000040, -0.000000, 1.000000, -0.000000, -0.000002, -0.000000, 0.000000, 1.000000, -0.000000, 0.000000, 0.000000, 0.000000, 1.000000  
        77: 1.000000, -0.000000, -0.000000, 0.000000, 0.000000, 1.000000, 0.000000, 0.000000, 0.000000, -0.000000, 1.000000, -0.000000, 0.000000, 0.000000, 0.000000, 1.000000  
        78: 1.000000, -0.000000, -0.000000, 0.000000, 0.000000, 1.000000, 0.000000, 0.000000, 0.000000, -0.000000, 1.000000, -0.000000, 0.000000, 0.000000, 0.000000, 1.000000  
        79: 1.000000, -0.000000, -0.000000, 0.000000, 0.000000, 1.000000, 0.000000, 0.000000, 0.000000, -0.000000, 1.000000, -0.000000, 0.000000, 0.000000, 0.000000, 1.000000  
    RightLeg:
        60: 1.000000, 0.000000, -0.000000, 0.000000, 0.000000, 1.000000, -0.000000, 0.000000, 0.000000, -0.000000, 1.000000, -0.000000, 0.000000, 0.000000, 0.000000, 1.000000  
        61: 1.000000, 0.000000, 0.000000, -0.000079, -0.000000, 1.000000, -0.000000, 0.000003, -0.000000, 0.000000, 1.000000, 0.000000, 0.000000, 0.000000, 0.000000, 1.000000  
        62: 1.000000, -0.000000, 0.000000, -0.000269, 0.000000, 1.000000, -0.000000, 0.000008, -0.000000, 0.000000, 1.000000, 0.000000, 0.000000, 0.000000, 0.000000, 1.000000  
        63: 1.000000, 0.000000, 0.000000, -0.000432, -0.000000, 1.000000, -0.000000, 0.000004, -0.000000, 0.000000, 1.000000, 0.000000, 0.000000, 0.000000, 0.000000, 1.000000  
        64: 1.000000, -0.000000, 0.000000, -0.000432, 0.000000, 1.000000, 0.000000, -0.000004, -0.000000, -0.000000, 1.000000, 0.000000, 0.000000, 0.000000, 0.000000, 1.000000  
        65: 1.000000, -0.000000, 0.000000, -0.000269, 0.000000, 1.000000, 0.000000, -0.000007, -0.000000, -0.000000, 1.000000, 0.000000, 0.000000, 0.000000, 0.000000, 1.000000  
        66: 1.000000, -0.000000, 0.000000, -0.000079, 0.000000, 1.000000, 0.000000, -0.000003, -0.000000, -0.000000, 1.000000, 0.000000, 0.000000, 0.000000, 0.000000, 1.000000  
        67: 1.000000, 0.000000, 0.000000, 0.000000, -0.000000, 1.000000, 0.000000, 0.000000, -0.000000, -0.000000, 1.000000, 0.000000, 0.000000, 0.000000, 0.000000, 1.000000  
        68: 1.000000, 0.000000, 0.000000, -0.000040, -0.000000, 1.000000, 0.000000, -0.000002, -0.000000, -0.000000, 1.000000, 0.000000, 0.000000, 0.000000, 0.000000, 1.000000  
        69: 1.000000, 0.000000, 0.000000, -0.000148, -0.000000, 1.000000, 0.000000, -0.000005, -0.000000, -0.000000, 1.000000, 0.000000, 0.000000, 0.000000, 0.000000, 1.000000  
        70: 1.000000, 0.000000, 0.000000, -0.000289, -0.000000, 1.000000, 0.000000, -0.000008, -0.000000, -0.000000, 1.000000, 0.000000, 0.000000, 0.000000, 0.000000, 1.000000  
        71: 1.000000, 0.000000, 0.000000, -0.000409, -0.000000, 1.000000, 0.000000, -0.000006, -0.000000, -0.000000, 1.000000, 0.000000, 0.000000, 0.000000, 0.000000, 1.000000  
        72: 1.000000, 0.000000, 0.000000, -0.000457, -0.000000, 1.000000, 0.000000, 0.000000, -0.000000, -0.000000, 1.000000, 0.000000, 0.000000, 0.000000, 0.000000, 1.000000  
        73: 1.000000, 0.000000, 0.000000, -0.000409, -0.000000, 1.000000, -0.000000, 0.000006, -0.000000, 0.000000, 1.000000, 0.000000, 0.000000, 0.000000, 0.000000, 1.000000  
        74: 1.000000, 0.000000, 0.000000, -0.000289, -0.000000, 1.000000, -0.000000, 0.000008, -0.000000, 0.000000, 1.000000, 0.000000, 0.000000, 0.000000, 0.000000, 1.000000  
        75: 1.000000, 0.000000, 0.000000, -0.000148, -0.000000, 1.000000, -0.000000, 0.000005, -0.000000, 0.000000, 1.000000, 0.000000, 0.000000, 0.000000, 0.000000, 1.000000  
        76: 1.000000, 0.000000, 0.000000, -0.000040, -0.000000, 1.000000, -0.000000, 0.000002, -0.000000, 0.000000, 1.000000, 0.000000, 0.000000, 0.000000, 0.000000, 1.000000  
        77: 1.000000, -0.000000, -0.000000, -0.000000, 0.000000, 1.000000, 0.000000, -0.000000, 0.000000, -0.000000, 1.000000, -0.000000, 0.000000, 0.000000, 0.000000, 1.000000  
        78: 1.000000, -0.000000, -0.000000, -0.000000, 0.000000, 1.000000, 0.000000, -0.000000, 0.000000, -0.000000, 1.000000, -0.000000, 0.000000, 0.000000, 0.000000, 1.000000  
        79: 1.000000, -0.000000, -0.000000, -0.000000, 0.000000, 1.000000, 0.000000, -0.000000, 0.000000, -0.000000, 1.000000, -0.000000, 0.000000, 0.000000, 0.000000, 1.000000  
