Skeleton: skeleton://Vanilla/entities/human/human.ske
frames: 42
delay: 0.041667
bones_data:
    Torso:
        84: 1.000000, -0.000000, 0.000000, -0.000000, 0.000000, 0.906308, -0.422618, 0.338095, 0.000000, 0.422618, 0.906308, 0.074954, 0.000000, 0.000000, 0.000000, 1.000000  
        85: 1.000000, -0.000000, 0.000000, -0.000000, 0.000000, 0.906308, -0.422618, 0.338095, 0.000000, 0.422618, 0.906308, 0.074954, 0.000000, 0.000000, 0.000000, 1.000000  
        86: 1.000000, -0.000000, 0.000000, -0.000000, 0.000000, 0.906308, -0.422618, 0.338095, 0.000000, 0.422618, 0.906308, 0.074954, 0.000000, 0.000000, 0.000000, 1.000000  
        87: 1.000000, -0.000000, 0.000000, -0.000000, 0.000000, 0.906308, -0.422618, 0.338095, 0.000000, 0.422618, 0.906308, 0.074954, 0.000000, 0.000000, 0.000000, 1.000000  
        88: 1.000000, -0.000000, 0.000000, -0.000000, 0.000000, 0.906308, -0.422618, 0.338095, 0.000000, 0.422618, 0.906308, 0.074954, 0.000000, 0.000000, 0.000000, 1.000000  
        89: 1.000000, -0.000000, 0.000000, -0.000000, 0.000000, 0.906308, -0.422618, 0.338095, 0.000000, 0.422618, 0.906308, 0.074954, 0.000000, 0.000000, 0.000000, 1.000000  
        90: 1.000000, -0.000000, 0.000000, -0.000000, 0.000000, 0.906308, -0.422618, 0.338095, 0.000000, 0.422618, 0.906308, 0.074954, 0.000000, 0.000000, 0.000000, 1.000000  
        91: 1.000000, -0.000000, 0.000000, -0.000000, 0.000000, 0.906308, -0.422618, 0.338095, 0.000000, 0.422618, 0.906308, 0.074954, 0.000000, 0.000000, 0.000000, 1.000000  
        92: 1.000000, -0.000000, 0.000000, -0.000000, 0.000000, 0.906308, -0.422618, 0.338095, 0.000000, 0.422618, 0.906308, 0.074954, 0.000000, 0.000000, 0.000000, 1.000000  
        93: 1.000000, -0.000000, 0.000000, -0.000000, 0.000000, 0.906308, -0.422618, 0.338095, 0.000000, 0.422618, 0.906308, 0.074954, 0.000000, 0.000000, 0.000000, 1.000000  
        94: 1.000000, -0.000000, 0.000000, -0.000000, 0.000000, 0.906308, -0.422618, 0.338095, 0.000000, 0.422618, 0.906308, 0.074954, 0.000000, 0.000000, 0.000000, 1.000000  
        95: 1.000000, -0.000000, 0.000000, -0.000000, 0.000000, 0.906308, -0.422618, 0.338095, 0.000000, 0.422618, 0.906308, 0.074954, 0.000000, 0.000000, 0.000000, 1.000000  
        96: 1.000000, -0.000000, 0.000000, -0.000000, 0.000000, 0.906308, -0.422618, 0.338095, 0.000000, 0.422618, 0.906308, 0.074954, 0.000000, 0.000000, 0.000000, 1.000000  
        97: 1.000000, -0.000000, 0.000000, -0.000000, 0.000000, 0.906308, -0.422618, 0.338095, 0.000000, 0.422618, 0.906308, 0.074954, 0.000000, 0.000000, 0.000000, 1.000000  
        98: 1.000000, -0.000000, 0.000000, -0.000000, 0.000000, 0.906308, -0.422618, 0.338095, 0.000000, 0.422618, 0.906308, 0.074954, 0.000000, 0.000000, 0.000000, 1.000000  
        99: 1.000000, -0.000000, 0.000000, -0.000000, 0.000000, 0.906308, -0.422618, 0.338095, 0.000000, 0.422618, 0.906308, 0.074954, 0.000000, 0.000000, 0.000000, 1.000000  
        100: 1.000000, -0.000000, 0.000000, -0.000000, 0.000000, 0.906308, -0.422618, 0.338095, 0.000000, 0.422618, 0.906308, 0.074954, 0.000000, 0.000000, 0.000000, 1.000000  
        101: 1.000000, -0.000000, 0.000000, -0.000000, 0.000000, 0.906308, -0.422618, 0.338095, 0.000000, 0.422618, 0.906308, 0.074954, 0.000000, 0.000000, 0.000000, 1.000000  
        102: 1.000000, -0.000000, 0.000000, -0.000000, 0.000000, 0.906308, -0.422618, 0.338095, 0.000000, 0.422618, 0.906308, 0.074954, 0.000000, 0.000000, 0.000000, 1.000000  
        103: 1.000000, -0.000000, 0.000000, -0.000000, 0.000000, 0.906308, -0.422618, 0.338095, 0.000000, 0.422618, 0.906308, 0.074954, 0.000000, 0.000000, 0.000000, 1.000000  
        104: 1.000000, -0.000000, 0.000000, -0.000000, 0.000000, 0.906308, -0.422618, 0.338095, 0.000000, 0.422618, 0.906308, 0.074954, 0.000000, 0.000000, 0.000000, 1.000000  
        105: 1.000000, -0.000000, 0.000000, -0.000000, 0.000000, 0.906308, -0.422618, 0.338095, 0.000000, 0.422618, 0.906308, 0.074954, 0.000000, 0.000000, 0.000000, 1.000000  
        106: 1.000000, -0.000000, 0.000000, -0.000000, 0.000000, 0.906308, -0.422618, 0.338095, 0.000000, 0.422618, 0.906308, 0.074954, 0.000000, 0.000000, 0.000000, 1.000000  
        107: 1.000000, -0.000000, 0.000000, -0.000000, 0.000000, 0.906308, -0.422618, 0.338095, 0.000000, 0.422618, 0.906308, 0.074954, 0.000000, 0.000000, 0.000000, 1.000000  
        108: 1.000000, -0.000000, 0.000000, -0.000000, 0.000000, 0.906308, -0.422618, 0.338095, 0.000000, 0.422618, 0.906308, 0.074954, 0.000000, 0.000000, 0.000000, 1.000000  
        109: 1.000000, -0.000000, 0.000000, -0.000000, 0.000000, 0.906308, -0.422618, 0.338095, 0.000000, 0.422618, 0.906308, 0.074954, 0.000000, 0.000000, 0.000000, 1.000000  
        110: 1.000000, -0.000000, 0.000000, -0.000000, 0.000000, 0.906308, -0.422618, 0.338095, 0.000000, 0.422618, 0.906308, 0.074954, 0.000000, 0.000000, 0.000000, 1.000000  
        111: 1.000000, -0.000000, 0.000000, -0.000000, 0.000000, 0.906308, -0.422618, 0.338095, 0.000000, 0.422618, 0.906308, 0.074954, 0.000000, 0.000000, 0.000000, 1.000000  
        112: 1.000000, -0.000000, 0.000000, -0.000000, 0.000000, 0.906308, -0.422618, 0.338095, 0.000000, 0.422618, 0.906308, 0.074954, 0.000000, 0.000000, 0.000000, 1.000000  
        113: 1.000000, -0.000000, 0.000000, -0.000000, 0.000000, 0.906308, -0.422618, 0.338095, 0.000000, 0.422618, 0.906308, 0.074954, 0.000000, 0.000000, 0.000000, 1.000000  
        114: 1.000000, -0.000000, 0.000000, -0.000000, 0.000000, 0.906308, -0.422618, 0.338095, 0.000000, 0.422618, 0.906308, 0.074954, 0.000000, 0.000000, 0.000000, 1.000000  
        115: 1.000000, -0.000000, 0.000000, -0.000000, 0.000000, 0.906308, -0.422618, 0.338095, 0.000000, 0.422618, 0.906308, 0.074954, 0.000000, 0.000000, 0.000000, 1.000000  
        116: 1.000000, -0.000000, 0.000000, -0.000000, 0.000000, 0.906308, -0.422618, 0.338095, 0.000000, 0.422618, 0.906308, 0.074954, 0.000000, 0.000000, 0.000000, 1.000000  
        117: 1.000000, -0.000000, 0.000000, -0.000000, 0.000000, 0.906308, -0.422618, 0.338095, 0.000000, 0.422618, 0.906308, 0.074954, 0.000000, 0.000000, 0.000000, 1.000000  
        118: 1.000000, -0.000000, 0.000000, -0.000000, 0.000000, 0.906308, -0.422618, 0.338095, 0.000000, 0.422618, 0.906308, 0.074954, 0.000000, 0.000000, 0.000000, 1.000000  
        119: 1.000000, -0.000000, 0.000000, -0.000000, 0.000000, 0.906308, -0.422618, 0.338095, 0.000000, 0.422618, 0.906308, 0.074954, 0.000000, 0.000000, 0.000000, 1.000000  
        120: 1.000000, -0.000000, 0.000000, -0.000000, 0.000000, 0.906308, -0.422618, 0.338095, 0.000000, 0.422618, 0.906308, 0.074954, 0.000000, 0.000000, 0.000000, 1.000000  
        121: 1.000000, -0.000000, 0.000000, -0.000000, 0.000000, 0.906308, -0.422618, 0.338095, 0.000000, 0.422618, 0.906308, 0.074954, 0.000000, 0.000000, 0.000000, 1.000000  
        122: 1.000000, -0.000000, 0.000000, -0.000000, 0.000000, 0.906308, -0.422618, 0.338095, 0.000000, 0.422618, 0.906308, 0.074954, 0.000000, 0.000000, 0.000000, 1.000000  
        123: 1.000000, -0.000000, 0.000000, -0.000000, 0.000000, 0.906308, -0.422618, 0.338095, 0.000000, 0.422618, 0.906308, 0.074954, 0.000000, 0.000000, 0.000000, 1.000000  
        124: 1.000000, -0.000000, 0.000000, -0.000000, 0.000000, 0.906308, -0.422618, 0.338095, 0.000000, 0.422618, 0.906308, 0.074954, 0.000000, 0.000000, 0.000000, 1.000000  
        125: 1.000000, -0.000000, 0.000000, -0.000000, 0.000000, 0.906308, -0.422618, 0.338095, 0.000000, 0.422618, 0.906308, 0.074954, 0.000000, 0.000000, 0.000000, 1.000000  
    RightArm:
        84: 0.996195, 0.000000, -0.087156, 0.123540, -0.022558, 0.965926, -0.257834, 0.116420, 0.084186, 0.258819, 0.962250, -0.037040, 0.000000, 0.000000, 0.000000, 1.000000  
        85: 0.996148, -0.001187, -0.087681, 0.124294, -0.021576, 0.965849, -0.258204, 0.116546, 0.084993, 0.259101, 0.962103, -0.037157, 0.000000, 0.000000, 0.000000, 1.000000  
        86: 0.996026, -0.002286, -0.089034, 0.126237, -0.020956, 0.965590, -0.259222, 0.117722, 0.086563, 0.260058, 0.961705, -0.037228, 0.000000, 0.000000, 0.000000, 1.000000  
        87: 0.995827, -0.003294, -0.091200, 0.129350, -0.020699, 0.965150, -0.260876, 0.119935, 0.088881, 0.261675, 0.961055, -0.037245, 0.000000, 0.000000, 0.000000, 1.000000  
        88: 0.995549, -0.004212, -0.094148, 0.133587, -0.020804, 0.964533, -0.263140, 0.123147, 0.091917, 0.263927, 0.960153, -0.037196, 0.000000, 0.000000, 0.000000, 1.000000  
        89: 0.995191, -0.005042, -0.097825, 0.138878, -0.021262, 0.963746, -0.265973, 0.127296, 0.095619, 0.266774, 0.959004, -0.037069, 0.000000, 0.000000, 0.000000, 1.000000  
        90: 0.994751, -0.005789, -0.102160, 0.145123, -0.022055, 0.962799, -0.269317, 0.132295, 0.099918, 0.270157, 0.957618, -0.036848, 0.000000, 0.000000, 0.000000, 1.000000  
        91: 0.994232, -0.006459, -0.107059, 0.152190, -0.023160, 0.961708, -0.273095, 0.138026, 0.104724, 0.273999, 0.956011, -0.036521, 0.000000, 0.000000, 0.000000, 1.000000  
        92: 0.993637, -0.007058, -0.112409, 0.159917, -0.024538, 0.960495, -0.277215, 0.144345, 0.109925, 0.278209, 0.954210, -0.036079, 0.000000, 0.000000, 0.000000, 1.000000  
        93: 0.992975, -0.007594, -0.118076, 0.168117, -0.026146, 0.959184, -0.281572, 0.151088, 0.115395, 0.282681, 0.952248, -0.035520, 0.000000, 0.000000, 0.000000, 1.000000  
        94: 0.992260, -0.008074, -0.123918, 0.176582, -0.027929, 0.957807, -0.286051, 0.158072, 0.120999, 0.287298, 0.950168, -0.034850, 0.000000, 0.000000, 0.000000, 1.000000  
        95: 0.991506, -0.008504, -0.129783, 0.185094, -0.029826, 0.956399, -0.290536, 0.165110, 0.126595, 0.291939, 0.948022, -0.034084, 0.000000, 0.000000, 0.000000, 1.000000  
        96: 0.990734, -0.008888, -0.135522, 0.193437, -0.031773, 0.954996, -0.294911, 0.172014, 0.132044, 0.296485, 0.945865, -0.033244, 0.000000, 0.000000, 0.000000, 1.000000  
        97: 0.989967, -0.009229, -0.140994, 0.201404, -0.033704, 0.953636, -0.299070, 0.178608, 0.137217, 0.300821, 0.943757, -0.032362, 0.000000, 0.000000, 0.000000, 1.000000  
        98: 0.989228, -0.009529, -0.146071, 0.208808, -0.035556, 0.952354, -0.302917, 0.184734, 0.141998, 0.304847, 0.941756, -0.031473, 0.000000, 0.000000, 0.000000, 1.000000  
        99: 0.988539, -0.009787, -0.150645, 0.215488, -0.037272, 0.951182, -0.306372, 0.190259, 0.146289, 0.308476, 0.939916, -0.030614, 0.000000, 0.000000, 0.000000, 1.000000  
        100: 0.987922, -0.010004, -0.154628, 0.221310, -0.038801, 0.950149, -0.309373, 0.195071, 0.150015, 0.311636, 0.938285, -0.029820, 0.000000, 0.000000, 0.000000, 1.000000  
        101: 0.987394, -0.010179, -0.157952, 0.226175, -0.040104, 0.949278, -0.311871, 0.199090, 0.153115, 0.314274, 0.936903, -0.029126, 0.000000, 0.000000, 0.000000, 1.000000  
        102: 0.986971, -0.010312, -0.160570, 0.230009, -0.041147, 0.948586, -0.313835, 0.202256, 0.155550, 0.316353, 0.935802, -0.028558, 0.000000, 0.000000, 0.000000, 1.000000  
        103: 0.986662, -0.010405, -0.162451, 0.232767, -0.041906, 0.948085, -0.315244, 0.204533, 0.157297, 0.317847, 0.935003, -0.028139, 0.000000, 0.000000, 0.000000, 1.000000  
        104: 0.986474, -0.010458, -0.163581, 0.234424, -0.042367, 0.947783, -0.316089, 0.205901, 0.158345, 0.318744, 0.934521, -0.027882, 0.000000, 0.000000, 0.000000, 1.000000  
        105: 0.986412, -0.010475, -0.163957, 0.234975, -0.042522, 0.947682, -0.316370, 0.206356, 0.158693, 0.319043, 0.934360, -0.027796, 0.000000, 0.000000, 0.000000, 1.000000  
        106: 0.986476, -0.010411, -0.163577, 0.234417, -0.042411, 0.947783, -0.316085, 0.205912, 0.158326, 0.318747, 0.934523, -0.027878, 0.000000, 0.000000, 0.000000, 1.000000  
        107: 0.986667, -0.010217, -0.162429, 0.232733, -0.042076, 0.948085, -0.315222, 0.204569, 0.157217, 0.317853, 0.935015, -0.028123, 0.000000, 0.000000, 0.000000, 1.000000  
        108: 0.986985, -0.009895, -0.160507, 0.229916, -0.041518, 0.948589, -0.313776, 0.202323, 0.155360, 0.316356, 0.935832, -0.028525, 0.000000, 0.000000, 0.000000, 1.000000  
        109: 0.987422, -0.009450, -0.157821, 0.225981, -0.040743, 0.949289, -0.311754, 0.199182, 0.152764, 0.314263, 0.936964, -0.029071, 0.000000, 0.000000, 0.000000, 1.000000  
        110: 0.987969, -0.008893, -0.154396, 0.220967, -0.039764, 0.950174, -0.309173, 0.195176, 0.149453, 0.311592, 0.938389, -0.029741, 0.000000, 0.000000, 0.000000, 1.000000  
        111: 0.988609, -0.008236, -0.150280, 0.214949, -0.038601, 0.951227, -0.306066, 0.190362, 0.145472, 0.308380, 0.940074, -0.030508, 0.000000, 0.000000, 0.000000, 1.000000  
        112: 0.989323, -0.007500, -0.145545, 0.208034, -0.037281, 0.952424, -0.302486, 0.184822, 0.140889, 0.304683, 0.941976, -0.031337, 0.000000, 0.000000, 0.000000, 1.000000  
        113: 0.990088, -0.006705, -0.140289, 0.200370, -0.035838, 0.953735, -0.298505, 0.178672, 0.135800, 0.300574, 0.944041, -0.032193, 0.000000, 0.000000, 0.000000, 1.000000  
        114: 0.990878, -0.005876, -0.134637, 0.192140, -0.034312, 0.955123, -0.294215, 0.172055, 0.130323, 0.296151, 0.946208, -0.033037, 0.000000, 0.000000, 0.000000, 1.000000  
        115: 0.991667, -0.005041, -0.128732, 0.183558, -0.032748, 0.956550, -0.289725, 0.165143, 0.124599, 0.291526, 0.948413, -0.033834, 0.000000, 0.000000, 0.000000, 1.000000  
        116: 0.992430, -0.004223, -0.122736, 0.174858, -0.031189, 0.957974, -0.285154, 0.158121, 0.118782, 0.286824, 0.950591, -0.034555, 0.000000, 0.000000, 0.000000, 1.000000  
        117: 0.993148, -0.003446, -0.116814, 0.166280, -0.029679, 0.959357, -0.280631, 0.151185, 0.113033, 0.282175, 0.952681, -0.035182, 0.000000, 0.000000, 0.000000, 1.000000  
        118: 0.993802, -0.002727, -0.111129, 0.158059, -0.028258, 0.960662, -0.276280, 0.144524, 0.107511, 0.277708, 0.954631, -0.035703, 0.000000, 0.000000, 0.000000, 1.000000  
        119: 0.994382, -0.002083, -0.105829, 0.150408, -0.026957, 0.961859, -0.272215, 0.138313, 0.102359, 0.273539, 0.956399, -0.036118, 0.000000, 0.000000, 0.000000, 1.000000  
        120: 0.994881, -0.001521, -0.101043, 0.143507, -0.025802, 0.962923, -0.268538, 0.132703, 0.097705, 0.269771, 0.957955, -0.036434, 0.000000, 0.000000, 0.000000, 1.000000  
        121: 0.995296, -0.001047, -0.096873, 0.137504, -0.024811, 0.963839, -0.265330, 0.127815, 0.093648, 0.266485, 0.959279, -0.036665, 0.000000, 0.000000, 0.000000, 1.000000  
        122: 0.995629, -0.000663, -0.093397, 0.132504, -0.023996, 0.964592, -0.262651, 0.123739, 0.090264, 0.263744, 0.960360, -0.036825, 0.000000, 0.000000, 0.000000, 1.000000  
        123: 0.995881, -0.000369, -0.090667, 0.128581, -0.023363, 0.965179, -0.260545, 0.120538, 0.087606, 0.261590, 0.961195, -0.036931, 0.000000, 0.000000, 0.000000, 1.000000  
        124: 0.996057, -0.000162, -0.088712, 0.125773, -0.022913, 0.965596, -0.259036, 0.118245, 0.085702, 0.260047, 0.961785, -0.036995, 0.000000, 0.000000, 0.000000, 1.000000  
        125: 0.996161, -0.000040, -0.087543, 0.124095, -0.022646, 0.965844, -0.258133, 0.116874, 0.084563, 0.259124, 0.962135, -0.037029, 0.000000, 0.000000, 0.000000, 1.000000  
    LeftArm:
        84: 0.996195, -0.000000, 0.087156, -0.123540, 0.022558, 0.965926, -0.257834, 0.116420, -0.084186, 0.258819, 0.962250, -0.037040, 0.000000, 0.000000, 0.000000, 1.000000  
        85: 0.996183, -0.000217, 0.087294, -0.123738, 0.022406, 0.967130, -0.253293, 0.110001, -0.084370, 0.254282, 0.963443, -0.038784, 0.000000, 0.000000, 0.000000, 1.000000  
        86: 0.996148, -0.000446, 0.087690, -0.124308, 0.022354, 0.968242, -0.249013, 0.103989, -0.084795, 0.250014, 0.964522, -0.040464, 0.000000, 0.000000, 0.000000, 1.000000  
        87: 0.996090, -0.000688, 0.088341, -0.125242, 0.022399, 0.969261, -0.245015, 0.098410, -0.085457, 0.246036, 0.965486, -0.042079, 0.000000, 0.000000, 0.000000, 1.000000  
        88: 0.996010, -0.000942, 0.089237, -0.126527, 0.022538, 0.970184, -0.241318, 0.093290, -0.086349, 0.242366, 0.966335, -0.043623, 0.000000, 0.000000, 0.000000, 1.000000  
        89: 0.995908, -0.001207, 0.090361, -0.128142, 0.022765, 0.971014, -0.237938, 0.088648, -0.087455, 0.239021, 0.967068, -0.045092, 0.000000, 0.000000, 0.000000, 1.000000  
        90: 0.995786, -0.001480, 0.091693, -0.130056, 0.023073, 0.971749, -0.234886, 0.084499, -0.088755, 0.236012, 0.967688, -0.046481, 0.000000, 0.000000, 0.000000, 1.000000  
        91: 0.995646, -0.001760, 0.093203, -0.132226, 0.023453, 0.972392, -0.232171, 0.080850, -0.090221, 0.233346, 0.968199, -0.047783, 0.000000, 0.000000, 0.000000, 1.000000  
        92: 0.995489, -0.002042, 0.094856, -0.134603, 0.023892, 0.972946, -0.229794, 0.077697, -0.091820, 0.231023, 0.968606, -0.048992, 0.000000, 0.000000, 0.000000, 1.000000  
        93: 0.995319, -0.002322, 0.096611, -0.137128, 0.024377, 0.973415, -0.227748, 0.075027, -0.093514, 0.229037, 0.968915, -0.050103, 0.000000, 0.000000, 0.000000, 1.000000  
        94: 0.995141, -0.002595, 0.098424, -0.139736, 0.024893, 0.973804, -0.226022, 0.072817, -0.095259, 0.227374, 0.969137, -0.051111, 0.000000, 0.000000, 0.000000, 1.000000  
        95: 0.994959, -0.002856, 0.100246, -0.142361, 0.025426, 0.974120, -0.224597, 0.071035, -0.097010, 0.226014, 0.969282, -0.052014, 0.000000, 0.000000, 0.000000, 1.000000  
        96: 0.994776, -0.003102, 0.102033, -0.144935, 0.025957, 0.974370, -0.223448, 0.069640, -0.098724, 0.224930, 0.969361, -0.052810, 0.000000, 0.000000, 0.000000, 1.000000  
        97: 0.994599, -0.003328, 0.103738, -0.147394, 0.026473, 0.974562, -0.222547, 0.068584, -0.100359, 0.224092, 0.969387, -0.053501, 0.000000, 0.000000, 0.000000, 1.000000  
        98: 0.994432, -0.003532, 0.105323, -0.149680, 0.026960, 0.974705, -0.221862, 0.067819, -0.101876, 0.223466, 0.969373, -0.054088, 0.000000, 0.000000, 0.000000, 1.000000  
        99: 0.994279, -0.003709, 0.106753, -0.151742, 0.027403, 0.974807, -0.221359, 0.067294, -0.103242, 0.223018, 0.969332, -0.054577, 0.000000, 0.000000, 0.000000, 1.000000  
        100: 0.994144, -0.003860, 0.107999, -0.153541, 0.027795, 0.974876, -0.221008, 0.066958, -0.104432, 0.222715, 0.969274, -0.054972, 0.000000, 0.000000, 0.000000, 1.000000  
        101: 0.994029, -0.003983, 0.109040, -0.155044, 0.028124, 0.974919, -0.220776, 0.066765, -0.105426, 0.222525, 0.969210, -0.055280, 0.000000, 0.000000, 0.000000, 1.000000  
        102: 0.993939, -0.004077, 0.109860, -0.156229, 0.028386, 0.974943, -0.220636, 0.066674, -0.106208, 0.222417, 0.969149, -0.055508, 0.000000, 0.000000, 0.000000, 1.000000  
        103: 0.993873, -0.004144, 0.110451, -0.157082, 0.028576, 0.974954, -0.220562, 0.066646, -0.106770, 0.222367, 0.969099, -0.055662, 0.000000, 0.000000, 0.000000, 1.000000  
        104: 0.993833, -0.004183, 0.110805, -0.157594, 0.028691, 0.974958, -0.220531, 0.066649, -0.107108, 0.222350, 0.969066, -0.055751, 0.000000, 0.000000, 0.000000, 1.000000  
        105: 0.993820, -0.004196, 0.110923, -0.157764, 0.028730, 0.974958, -0.220525, 0.066655, -0.107220, 0.222349, 0.969054, -0.055779, 0.000000, 0.000000, 0.000000, 1.000000  
        106: 0.993833, -0.004173, 0.110805, -0.157593, 0.028701, 0.974917, -0.220712, 0.066906, -0.107105, 0.222531, 0.969024, -0.055691, 0.000000, 0.000000, 0.000000, 1.000000  
        107: 0.993873, -0.004103, 0.110448, -0.157077, 0.028614, 0.974791, -0.221279, 0.067666, -0.106755, 0.223084, 0.968936, -0.055428, 0.000000, 0.000000, 0.000000, 1.000000  
        108: 0.993940, -0.003986, 0.109850, -0.156214, 0.028469, 0.974579, -0.222227, 0.068935, -0.106172, 0.224008, 0.968787, -0.054986, 0.000000, 0.000000, 0.000000, 1.000000  
        109: 0.994033, -0.003824, 0.109014, -0.155007, 0.028265, 0.974282, -0.223551, 0.070707, -0.105356, 0.225299, 0.968577, -0.054365, 0.000000, 0.000000, 0.000000, 1.000000  
        110: 0.994150, -0.003620, 0.107950, -0.153470, 0.028003, 0.973902, -0.225237, 0.072962, -0.104317, 0.226942, 0.968305, -0.053570, 0.000000, 0.000000, 0.000000, 1.000000  
        111: 0.994289, -0.003376, 0.106672, -0.151625, 0.027687, 0.973441, -0.227259, 0.075667, -0.103071, 0.228915, 0.967974, -0.052608, 0.000000, 0.000000, 0.000000, 1.000000  
        112: 0.994446, -0.003100, 0.105202, -0.149505, 0.027320, 0.972906, -0.229581, 0.078770, -0.101640, 0.231180, 0.967587, -0.051494, 0.000000, 0.000000, 0.000000, 1.000000  
        113: 0.994618, -0.002798, 0.103573, -0.147155, 0.026910, 0.972307, -0.232152, 0.082205, -0.100055, 0.233689, 0.967150, -0.050247, 0.000000, 0.000000, 0.000000, 1.000000  
        114: 0.994800, -0.002478, 0.101821, -0.144630, 0.026465, 0.971657, -0.234910, 0.085889, -0.098353, 0.236383, 0.966669, -0.048894, 0.000000, 0.000000, 0.000000, 1.000000  
        115: 0.994986, -0.002150, 0.099994, -0.141997, 0.025995, 0.970970, -0.237784, 0.089725, -0.096579, 0.239191, 0.966157, -0.047467, 0.000000, 0.000000, 0.000000, 1.000000  
        116: 0.995171, -0.001823, 0.098139, -0.139326, 0.025513, 0.970265, -0.240696, 0.093609, -0.094782, 0.242037, 0.965626, -0.046005, 0.000000, 0.000000, 0.000000, 1.000000  
        117: 0.995350, -0.001505, 0.096308, -0.136692, 0.025033, 0.969562, -0.243564, 0.097432, -0.093010, 0.244843, 0.965091, -0.044547, 0.000000, 0.000000, 0.000000, 1.000000  
        118: 0.995519, -0.001206, 0.094552, -0.134166, 0.024568, 0.968879, -0.246312, 0.101093, -0.091313, 0.247531, 0.964567, -0.043135, 0.000000, 0.000000, 0.000000, 1.000000  
        119: 0.995674, -0.000931, 0.092916, -0.131813, 0.024130, 0.968237, -0.248868, 0.104496, -0.089733, 0.250033, 0.964070, -0.041807, 0.000000, 0.000000, 0.000000, 1.000000  
        120: 0.995810, -0.000687, 0.091439, -0.129690, 0.023731, 0.967652, -0.251172, 0.107562, -0.088308, 0.252289, 0.963614, -0.040598, 0.000000, 0.000000, 0.000000, 1.000000  
        121: 0.995928, -0.000478, 0.090152, -0.127842, 0.023382, 0.967138, -0.253175, 0.110227, -0.087069, 0.254252, 0.963211, -0.039538, 0.000000, 0.000000, 0.000000, 1.000000  
        122: 0.996024, -0.000305, 0.089080, -0.126303, 0.023088, 0.966707, -0.254844, 0.112446, -0.086037, 0.255887, 0.962870, -0.038649, 0.000000, 0.000000, 0.000000, 1.000000  
        123: 0.996099, -0.000171, 0.088238, -0.125094, 0.022857, 0.966366, -0.256153, 0.114185, -0.085227, 0.257170, 0.962601, -0.037947, 0.000000, 0.000000, 0.000000, 1.000000  
        124: 0.996153, -0.000075, 0.087635, -0.124229, 0.022690, 0.966121, -0.257089, 0.115430, -0.084647, 0.258089, 0.962406, -0.037442, 0.000000, 0.000000, 0.000000, 1.000000  
        125: 0.996184, -0.000019, 0.087275, -0.123711, 0.022591, 0.965974, -0.257649, 0.116174, -0.084301, 0.258637, 0.962289, -0.037140, 0.000000, 0.000000, 0.000000, 1.000000  
    Head:
        84: 1.000000, -0.000000, -0.000000, 0.000000, -0.000000, 1.000000, 0.000000, -0.338095, 0.000000, -0.000000, 1.000000, -0.074954, 0.000000, 0.000000, 0.000000, 1.000000  
        85: 1.000000, -0.000000, -0.000000, 0.000000, -0.000000, 1.000000, 0.000000, -0.338095, 0.000000, -0.000000, 1.000000, -0.074954, 0.000000, 0.000000, 0.000000, 1.000000  
        86: 1.000000, -0.000000, -0.000000, 0.000000, -0.000000, 1.000000, 0.000000, -0.338095, 0.000000, -0.000000, 1.000000, -0.074954, 0.000000, 0.000000, 0.000000, 1.000000  
        87: 1.000000, -0.000000, -0.000000, 0.000000, -0.000000, 1.000000, 0.000000, -0.338095, 0.000000, -0.000000, 1.000000, -0.074954, 0.000000, 0.000000, 0.000000, 1.000000  
        88: 1.000000, -0.000000, -0.000000, 0.000000, -0.000000, 1.000000, 0.000000, -0.338095, 0.000000, -0.000000, 1.000000, -0.074954, 0.000000, 0.000000, 0.000000, 1.000000  
        89: 1.000000, -0.000000, -0.000000, 0.000000, -0.000000, 1.000000, 0.000000, -0.338095, 0.000000, -0.000000, 1.000000, -0.074954, 0.000000, 0.000000, 0.000000, 1.000000  
        90: 1.000000, -0.000000, -0.000000, 0.000000, -0.000000, 1.000000, 0.000000, -0.338095, 0.000000, -0.000000, 1.000000, -0.074954, 0.000000, 0.000000, 0.000000, 1.000000  
        91: 1.000000, -0.000000, -0.000000, 0.000000, -0.000000, 1.000000, 0.000000, -0.338095, 0.000000, -0.000000, 1.000000, -0.074954, 0.000000, 0.000000, 0.000000, 1.000000  
        92: 1.000000, -0.000000, -0.000000, 0.000000, -0.000000, 1.000000, 0.000000, -0.338095, 0.000000, -0.000000, 1.000000, -0.074954, 0.000000, 0.000000, 0.000000, 1.000000  
        93: 1.000000, -0.000000, -0.000000, 0.000000, -0.000000, 1.000000, 0.000000, -0.338095, 0.000000, -0.000000, 1.000000, -0.074954, 0.000000, 0.000000, 0.000000, 1.000000  
        94: 1.000000, -0.000000, -0.000000, 0.000000, -0.000000, 1.000000, 0.000000, -0.338095, 0.000000, -0.000000, 1.000000, -0.074954, 0.000000, 0.000000, 0.000000, 1.000000  
        95: 1.000000, -0.000000, -0.000000, 0.000000, -0.000000, 1.000000, 0.000000, -0.338095, 0.000000, -0.000000, 1.000000, -0.074954, 0.000000, 0.000000, 0.000000, 1.000000  
        96: 1.000000, -0.000000, -0.000000, 0.000000, -0.000000, 1.000000, 0.000000, -0.338095, 0.000000, -0.000000, 1.000000, -0.074954, 0.000000, 0.000000, 0.000000, 1.000000  
        97: 1.000000, -0.000000, -0.000000, 0.000000, -0.000000, 1.000000, 0.000000, -0.338095, 0.000000, -0.000000, 1.000000, -0.074954, 0.000000, 0.000000, 0.000000, 1.000000  
        98: 1.000000, -0.000000, -0.000000, 0.000000, -0.000000, 1.000000, 0.000000, -0.338095, 0.000000, -0.000000, 1.000000, -0.074954, 0.000000, 0.000000, 0.000000, 1.000000  
        99: 1.000000, -0.000000, -0.000000, 0.000000, -0.000000, 1.000000, 0.000000, -0.338095, 0.000000, -0.000000, 1.000000, -0.074954, 0.000000, 0.000000, 0.000000, 1.000000  
        100: 1.000000, -0.000000, -0.000000, 0.000000, -0.000000, 1.000000, 0.000000, -0.338095, 0.000000, -0.000000, 1.000000, -0.074954, 0.000000, 0.000000, 0.000000, 1.000000  
        101: 1.000000, -0.000000, -0.000000, 0.000000, -0.000000, 1.000000, 0.000000, -0.338095, 0.000000, -0.000000, 1.000000, -0.074954, 0.000000, 0.000000, 0.000000, 1.000000  
        102: 1.000000, -0.000000, -0.000000, 0.000000, -0.000000, 1.000000, 0.000000, -0.338095, 0.000000, -0.000000, 1.000000, -0.074954, 0.000000, 0.000000, 0.000000, 1.000000  
        103: 1.000000, -0.000000, -0.000000, 0.000000, -0.000000, 1.000000, 0.000000, -0.338095, 0.000000, -0.000000, 1.000000, -0.074954, 0.000000, 0.000000, 0.000000, 1.000000  
        104: 1.000000, -0.000000, -0.000000, 0.000000, -0.000000, 1.000000, 0.000000, -0.338095, 0.000000, -0.000000, 1.000000, -0.074954, 0.000000, 0.000000, 0.000000, 1.000000  
        105: 1.000000, -0.000000, -0.000000, 0.000000, -0.000000, 1.000000, 0.000000, -0.338095, 0.000000, -0.000000, 1.000000, -0.074954, 0.000000, 0.000000, 0.000000, 1.000000  
        106: 1.000000, -0.000000, -0.000000, 0.000000, -0.000000, 1.000000, 0.000000, -0.338095, 0.000000, -0.000000, 1.000000, -0.074954, 0.000000, 0.000000, 0.000000, 1.000000  
        107: 1.000000, -0.000000, -0.000000, 0.000000, -0.000000, 1.000000, 0.000000, -0.338095, 0.000000, -0.000000, 1.000000, -0.074954, 0.000000, 0.000000, 0.000000, 1.000000  
        108: 1.000000, -0.000000, -0.000000, 0.000000, -0.000000, 1.000000, 0.000000, -0.338095, 0.000000, -0.000000, 1.000000, -0.074954, 0.000000, 0.000000, 0.000000, 1.000000  
        109: 1.000000, -0.000000, -0.000000, 0.000000, -0.000000, 1.000000, 0.000000, -0.338095, 0.000000, -0.000000, 1.000000, -0.074954, 0.000000, 0.000000, 0.000000, 1.000000  
        110: 1.000000, -0.000000, -0.000000, 0.000000, -0.000000, 1.000000, 0.000000, -0.338095, 0.000000, -0.000000, 1.000000, -0.074954, 0.000000, 0.000000, 0.000000, 1.000000  
        111: 1.000000, -0.000000, -0.000000, 0.000000, -0.000000, 1.000000, 0.000000, -0.338095, 0.000000, -0.000000, 1.000000, -0.074954, 0.000000, 0.000000, 0.000000, 1.000000  
        112: 1.000000, -0.000000, -0.000000, 0.000000, -0.000000, 1.000000, 0.000000, -0.338095, 0.000000, -0.000000, 1.000000, -0.074954, 0.000000, 0.000000, 0.000000, 1.000000  
        113: 1.000000, -0.000000, -0.000000, 0.000000, -0.000000, 1.000000, 0.000000, -0.338095, 0.000000, -0.000000, 1.000000, -0.074954, 0.000000, 0.000000, 0.000000, 1.000000  
        114: 1.000000, -0.000000, -0.000000, 0.000000, -0.000000, 1.000000, 0.000000, -0.338095, 0.000000, -0.000000, 1.000000, -0.074954, 0.000000, 0.000000, 0.000000, 1.000000  
        115: 1.000000, -0.000000, -0.000000, 0.000000, -0.000000, 1.000000, 0.000000, -0.338095, 0.000000, -0.000000, 1.000000, -0.074954, 0.000000, 0.000000, 0.000000, 1.000000  
        116: 1.000000, -0.000000, -0.000000, 0.000000, -0.000000, 1.000000, 0.000000, -0.338095, 0.000000, -0.000000, 1.000000, -0.074954, 0.000000, 0.000000, 0.000000, 1.000000  
        117: 1.000000, -0.000000, -0.000000, 0.000000, -0.000000, 1.000000, 0.000000, -0.338095, 0.000000, -0.000000, 1.000000, -0.074954, 0.000000, 0.000000, 0.000000, 1.000000  
        118: 1.000000, -0.000000, -0.000000, 0.000000, -0.000000, 1.000000, 0.000000, -0.338095, 0.000000, -0.000000, 1.000000, -0.074954, 0.000000, 0.000000, 0.000000, 1.000000  
        119: 1.000000, -0.000000, -0.000000, 0.000000, -0.000000, 1.000000, 0.000000, -0.338095, 0.000000, -0.000000, 1.000000, -0.074954, 0.000000, 0.000000, 0.000000, 1.000000  
        120: 1.000000, -0.000000, -0.000000, 0.000000, -0.000000, 1.000000, 0.000000, -0.338095, 0.000000, -0.000000, 1.000000, -0.074954, 0.000000, 0.000000, 0.000000, 1.000000  
        121: 1.000000, -0.000000, -0.000000, 0.000000, -0.000000, 1.000000, 0.000000, -0.338095, 0.000000, -0.000000, 1.000000, -0.074954, 0.000000, 0.000000, 0.000000, 1.000000  
        122: 1.000000, -0.000000, -0.000000, 0.000000, -0.000000, 1.000000, 0.000000, -0.338095, 0.000000, -0.000000, 1.000000, -0.074954, 0.000000, 0.000000, 0.000000, 1.000000  
        123: 1.000000, -0.000000, -0.000000, 0.000000, -0.000000, 1.000000, 0.000000, -0.338095, 0.000000, -0.000000, 1.000000, -0.074954, 0.000000, 0.000000, 0.000000, 1.000000  
        124: 1.000000, -0.000000, -0.000000, 0.000000, -0.000000, 1.000000, 0.000000, -0.338095, 0.000000, -0.000000, 1.000000, -0.074954, 0.000000, 0.000000, 0.000000, 1.000000  
        125: 1.000000, -0.000000, -0.000000, 0.000000, -0.000000, 1.000000, 0.000000, -0.338095, 0.000000, -0.000000, 1.000000, -0.074954, 0.000000, 0.000000, 0.000000, 1.000000  
    LeftLeg:
        84: 1.000000, -0.000000, 0.000000, 0.000000, 0.000000, 1.000000, 0.000000, 0.042262, -0.000000, -0.000000, 1.000000, 0.009369, 0.000000, 0.000000, 0.000000, 1.000000  
        85: 1.000000, -0.000000, 0.000000, 0.000000, 0.000000, 1.000000, 0.000000, 0.042262, -0.000000, -0.000000, 1.000000, 0.009369, 0.000000, 0.000000, 0.000000, 1.000000  
        86: 1.000000, -0.000000, 0.000000, 0.000000, 0.000000, 1.000000, 0.000000, 0.042262, -0.000000, -0.000000, 1.000000, 0.009369, 0.000000, 0.000000, 0.000000, 1.000000  
        87: 1.000000, -0.000000, 0.000000, 0.000000, 0.000000, 1.000000, 0.000000, 0.042262, -0.000000, -0.000000, 1.000000, 0.009369, 0.000000, 0.000000, 0.000000, 1.000000  
        88: 1.000000, -0.000000, 0.000000, 0.000000, 0.000000, 1.000000, 0.000000, 0.042262, -0.000000, -0.000000, 1.000000, 0.009369, 0.000000, 0.000000, 0.000000, 1.000000  
        89: 1.000000, -0.000000, 0.000000, 0.000000, 0.000000, 1.000000, 0.000000, 0.042262, -0.000000, -0.000000, 1.000000, 0.009369, 0.000000, 0.000000, 0.000000, 1.000000  
        90: 1.000000, -0.000000, 0.000000, 0.000000, 0.000000, 1.000000, 0.000000, 0.042262, -0.000000, -0.000000, 1.000000, 0.009369, 0.000000, 0.000000, 0.000000, 1.000000  
        91: 1.000000, -0.000000, 0.000000, 0.000000, 0.000000, 1.000000, 0.000000, 0.042262, -0.000000, -0.000000, 1.000000, 0.009369, 0.000000, 0.000000, 0.000000, 1.000000  
        92: 1.000000, -0.000000, 0.000000, 0.000000, 0.000000, 1.000000, 0.000000, 0.042262, -0.000000, -0.000000, 1.000000, 0.009369, 0.000000, 0.000000, 0.000000, 1.000000  
        93: 1.000000, -0.000000, 0.000000, 0.000000, 0.000000, 1.000000, 0.000000, 0.042262, -0.000000, -0.000000, 1.000000, 0.009369, 0.000000, 0.000000, 0.000000, 1.000000  
        94: 1.000000, -0.000000, 0.000000, 0.000000, 0.000000, 1.000000, 0.000000, 0.042262, -0.000000, -0.000000, 1.000000, 0.009369, 0.000000, 0.000000, 0.000000, 1.000000  
        95: 1.000000, -0.000000, 0.000000, 0.000000, 0.000000, 1.000000, 0.000000, 0.042262, -0.000000, -0.000000, 1.000000, 0.009369, 0.000000, 0.000000, 0.000000, 1.000000  
        96: 1.000000, -0.000000, 0.000000, 0.000000, 0.000000, 1.000000, 0.000000, 0.042262, -0.000000, -0.000000, 1.000000, 0.009369, 0.000000, 0.000000, 0.000000, 1.000000  
        97: 1.000000, -0.000000, 0.000000, 0.000000, 0.000000, 1.000000, 0.000000, 0.042262, -0.000000, -0.000000, 1.000000, 0.009369, 0.000000, 0.000000, 0.000000, 1.000000  
        98: 1.000000, -0.000000, 0.000000, 0.000000, 0.000000, 1.000000, 0.000000, 0.042262, -0.000000, -0.000000, 1.000000, 0.009369, 0.000000, 0.000000, 0.000000, 1.000000  
        99: 1.000000, -0.000000, 0.000000, 0.000000, 0.000000, 1.000000, 0.000000, 0.042262, -0.000000, -0.000000, 1.000000, 0.009369, 0.000000, 0.000000, 0.000000, 1.000000  
        100: 1.000000, -0.000000, 0.000000, 0.000000, 0.000000, 1.000000, 0.000000, 0.042262, -0.000000, -0.000000, 1.000000, 0.009369, 0.000000, 0.000000, 0.000000, 1.000000  
        101: 1.000000, -0.000000, 0.000000, 0.000000, 0.000000, 1.000000, 0.000000, 0.042262, -0.000000, -0.000000, 1.000000, 0.009369, 0.000000, 0.000000, 0.000000, 1.000000  
        102: 1.000000, -0.000000, 0.000000, 0.000000, 0.000000, 1.000000, 0.000000, 0.042262, -0.000000, -0.000000, 1.000000, 0.009369, 0.000000, 0.000000, 0.000000, 1.000000  
        103: 1.000000, -0.000000, 0.000000, 0.000000, 0.000000, 1.000000, 0.000000, 0.042262, -0.000000, -0.000000, 1.000000, 0.009369, 0.000000, 0.000000, 0.000000, 1.000000  
        104: 1.000000, -0.000000, 0.000000, 0.000000, 0.000000, 1.000000, 0.000000, 0.042262, -0.000000, -0.000000, 1.000000, 0.009369, 0.000000, 0.000000, 0.000000, 1.000000  
        105: 1.000000, -0.000000, 0.000000, 0.000000, 0.000000, 1.000000, 0.000000, 0.042262, -0.000000, -0.000000, 1.000000, 0.009369, 0.000000, 0.000000, 0.000000, 1.000000  
        106: 1.000000, -0.000000, 0.000000, 0.000000, 0.000000, 1.000000, 0.000000, 0.042262, -0.000000, -0.000000, 1.000000, 0.009369, 0.000000, 0.000000, 0.000000, 1.000000  
        107: 1.000000, -0.000000, 0.000000, 0.000000, 0.000000, 1.000000, 0.000000, 0.042262, -0.000000, -0.000000, 1.000000, 0.009369, 0.000000, 0.000000, 0.000000, 1.000000  
        108: 1.000000, -0.000000, 0.000000, 0.000000, 0.000000, 1.000000, 0.000000, 0.042262, -0.000000, -0.000000, 1.000000, 0.009369, 0.000000, 0.000000, 0.000000, 1.000000  
        109: 1.000000, -0.000000, 0.000000, 0.000000, 0.000000, 1.000000, 0.000000, 0.042262, -0.000000, -0.000000, 1.000000, 0.009369, 0.000000, 0.000000, 0.000000, 1.000000  
        110: 1.000000, -0.000000, 0.000000, 0.000000, 0.000000, 1.000000, 0.000000, 0.042262, -0.000000, -0.000000, 1.000000, 0.009369, 0.000000, 0.000000, 0.000000, 1.000000  
        111: 1.000000, -0.000000, 0.000000, 0.000000, 0.000000, 1.000000, 0.000000, 0.042262, -0.000000, -0.000000, 1.000000, 0.009369, 0.000000, 0.000000, 0.000000, 1.000000  
        112: 1.000000, -0.000000, 0.000000, 0.000000, 0.000000, 1.000000, 0.000000, 0.042262, -0.000000, -0.000000, 1.000000, 0.009369, 0.000000, 0.000000, 0.000000, 1.000000  
        113: 1.000000, -0.000000, 0.000000, 0.000000, 0.000000, 1.000000, 0.000000, 0.042262, -0.000000, -0.000000, 1.000000, 0.009369, 0.000000, 0.000000, 0.000000, 1.000000  
        114: 1.000000, -0.000000, 0.000000, 0.000000, 0.000000, 1.000000, 0.000000, 0.042262, -0.000000, -0.000000, 1.000000, 0.009369, 0.000000, 0.000000, 0.000000, 1.000000  
        115: 1.000000, -0.000000, 0.000000, 0.000000, 0.000000, 1.000000, 0.000000, 0.042262, -0.000000, -0.000000, 1.000000, 0.009369, 0.000000, 0.000000, 0.000000, 1.000000  
        116: 1.000000, -0.000000, 0.000000, 0.000000, 0.000000, 1.000000, 0.000000, 0.042262, -0.000000, -0.000000, 1.000000, 0.009369, 0.000000, 0.000000, 0.000000, 1.000000  
        117: 1.000000, -0.000000, 0.000000, 0.000000, 0.000000, 1.000000, 0.000000, 0.042262, -0.000000, -0.000000, 1.000000, 0.009369, 0.000000, 0.000000, 0.000000, 1.000000  
        118: 1.000000, -0.000000, 0.000000, 0.000000, 0.000000, 1.000000, 0.000000, 0.042262, -0.000000, -0.000000, 1.000000, 0.009369, 0.000000, 0.000000, 0.000000, 1.000000  
        119: 1.000000, -0.000000, 0.000000, 0.000000, 0.000000, 1.000000, 0.000000, 0.042262, -0.000000, -0.000000, 1.000000, 0.009369, 0.000000, 0.000000, 0.000000, 1.000000  
        120: 1.000000, -0.000000, 0.000000, 0.000000, 0.000000, 1.000000, 0.000000, 0.042262, -0.000000, -0.000000, 1.000000, 0.009369, 0.000000, 0.000000, 0.000000, 1.000000  
        121: 1.000000, -0.000000, 0.000000, 0.000000, 0.000000, 1.000000, 0.000000, 0.042262, -0.000000, -0.000000, 1.000000, 0.009369, 0.000000, 0.000000, 0.000000, 1.000000  
        122: 1.000000, -0.000000, 0.000000, 0.000000, 0.000000, 1.000000, 0.000000, 0.042262, -0.000000, -0.000000, 1.000000, 0.009369, 0.000000, 0.000000, 0.000000, 1.000000  
        123: 1.000000, -0.000000, 0.000000, 0.000000, 0.000000, 1.000000, 0.000000, 0.042262, -0.000000, -0.000000, 1.000000, 0.009369, 0.000000, 0.000000, 0.000000, 1.000000  
        124: 1.000000, -0.000000, 0.000000, 0.000000, 0.000000, 1.000000, 0.000000, 0.042262, -0.000000, -0.000000, 1.000000, 0.009369, 0.000000, 0.000000, 0.000000, 1.000000  
        125: 1.000000, -0.000000, 0.000000, 0.000000, 0.000000, 1.000000, 0.000000, 0.042262, -0.000000, -0.000000, 1.000000, 0.009369, 0.000000, 0.000000, 0.000000, 1.000000  
    RightLeg:
        84: 1.000000, -0.000000, 0.000000, -0.000000, 0.000000, 1.000000, 0.000000, 0.042262, -0.000000, -0.000000, 1.000000, 0.009369, 0.000000, 0.000000, 0.000000, 1.000000  
        85: 1.000000, -0.000000, 0.000000, -0.000000, 0.000000, 1.000000, 0.000000, 0.042262, -0.000000, -0.000000, 1.000000, 0.009369, 0.000000, 0.000000, 0.000000, 1.000000  
        86: 1.000000, -0.000000, 0.000000, -0.000000, 0.000000, 1.000000, 0.000000, 0.042262, -0.000000, -0.000000, 1.000000, 0.009369, 0.000000, 0.000000, 0.000000, 1.000000  
        87: 1.000000, -0.000000, 0.000000, -0.000000, 0.000000, 1.000000, 0.000000, 0.042262, -0.000000, -0.000000, 1.000000, 0.009369, 0.000000, 0.000000, 0.000000, 1.000000  
        88: 1.000000, -0.000000, 0.000000, -0.000000, 0.000000, 1.000000, 0.000000, 0.042262, -0.000000, -0.000000, 1.000000, 0.009369, 0.000000, 0.000000, 0.000000, 1.000000  
        89: 1.000000, -0.000000, 0.000000, -0.000000, 0.000000, 1.000000, 0.000000, 0.042262, -0.000000, -0.000000, 1.000000, 0.009369, 0.000000, 0.000000, 0.000000, 1.000000  
        90: 1.000000, -0.000000, 0.000000, -0.000000, 0.000000, 1.000000, 0.000000, 0.042262, -0.000000, -0.000000, 1.000000, 0.009369, 0.000000, 0.000000, 0.000000, 1.000000  
        91: 1.000000, -0.000000, 0.000000, -0.000000, 0.000000, 1.000000, 0.000000, 0.042262, -0.000000, -0.000000, 1.000000, 0.009369, 0.000000, 0.000000, 0.000000, 1.000000  
        92: 1.000000, -0.000000, 0.000000, -0.000000, 0.000000, 1.000000, 0.000000, 0.042262, -0.000000, -0.000000, 1.000000, 0.009369, 0.000000, 0.000000, 0.000000, 1.000000  
        93: 1.000000, -0.000000, 0.000000, -0.000000, 0.000000, 1.000000, 0.000000, 0.042262, -0.000000, -0.000000, 1.000000, 0.009369, 0.000000, 0.000000, 0.000000, 1.000000  
        94: 1.000000, -0.000000, 0.000000, -0.000000, 0.000000, 1.000000, 0.000000, 0.042262, -0.000000, -0.000000, 1.000000, 0.009369, 0.000000, 0.000000, 0.000000, 1.000000  
        95: 1.000000, -0.000000, 0.000000, -0.000000, 0.000000, 1.000000, 0.000000, 0.042262, -0.000000, -0.000000, 1.000000, 0.009369, 0.000000, 0.000000, 0.000000, 1.000000  
        96: 1.000000, -0.000000, 0.000000, -0.000000, 0.000000, 1.000000, 0.000000, 0.042262, -0.000000, -0.000000, 1.000000, 0.009369, 0.000000, 0.000000, 0.000000, 1.000000  
