Skeleton: skeleton://Vanilla/entities/human/human.ske
frames: 24
delay: 0.041667
bones_data:
    Torso:
        0: 1.000000, 0.000000, 0.000000, 0.000000, 0.000000, 1.000000, 0.000000, 0.000000, 0.000000, 0.000000, 1.000000, -0.000000, 0.000000, 0.000000, 0.000000, 1.000000  
        1: 1.000000, 0.000000, 0.000000, 0.000000, 0.000000, 1.000000, 0.000000, 0.000000, 0.000000, 0.000000, 1.000000, -0.000000, 0.000000, 0.000000, 0.000000, 1.000000  
        2: 1.000000, 0.000000, 0.000000, 0.000000, 0.000000, 1.000000, 0.000000, 0.000000, 0.000000, 0.000000, 1.000000, -0.000000, 0.000000, 0.000000, 0.000000, 1.000000  
        3: 1.000000, 0.000000, 0.000000, 0.000000, 0.000000, 1.000000, 0.000000, 0.000000, 0.000000, 0.000000, 1.000000, -0.000000, 0.000000, 0.000000, 0.000000, 1.000000  
        4: 1.000000, 0.000000, 0.000000, 0.000000, 0.000000, 1.000000, 0.000000, 0.000000, 0.000000, 0.000000, 1.000000, -0.000000, 0.000000, 0.000000, 0.000000, 1.000000  
        5: 1.000000, 0.000000, 0.000000, 0.000000, 0.000000, 1.000000, 0.000000, 0.000000, 0.000000, 0.000000, 1.000000, -0.000000, 0.000000, 0.000000, 0.000000, 1.000000  
        6: 1.000000, 0.000000, 0.000000, 0.000000, 0.000000, 1.000000, 0.000000, 0.000000, 0.000000, 0.000000, 1.000000, -0.000000, 0.000000, 0.000000, 0.000000, 1.000000  
        7: 1.000000, 0.000000, 0.000000, 0.000000, 0.000000, 1.000000, 0.000000, 0.000000, 0.000000, 0.000000, 1.000000, -0.000000, 0.000000, 0.000000, 0.000000, 1.000000  
        8: 1.000000, 0.000000, 0.000000, 0.000000, 0.000000, 1.000000, 0.000000, 0.000000, 0.000000, 0.000000, 1.000000, -0.000000, 0.000000, 0.000000, 0.000000, 1.000000  
        9: 1.000000, 0.000000, 0.000000, 0.000000, 0.000000, 1.000000, 0.000000, 0.000000, 0.000000, 0.000000, 1.000000, -0.000000, 0.000000, 0.000000, 0.000000, 1.000000  
        10: 1.000000, 0.000000, 0.000000, 0.000000, 0.000000, 1.000000, 0.000000, 0.000000, 0.000000, 0.000000, 1.000000, -0.000000, 0.000000, 0.000000, 0.000000, 1.000000  
        11: 1.000000, 0.000000, 0.000000, 0.000000, 0.000000, 1.000000, 0.000000, 0.000000, 0.000000, 0.000000, 1.000000, -0.000000, 0.000000, 0.000000, 0.000000, 1.000000  
        12: 1.000000, 0.000000, 0.000000, 0.000000, 0.000000, 1.000000, 0.000000, 0.000000, 0.000000, 0.000000, 1.000000, -0.000000, 0.000000, 0.000000, 0.000000, 1.000000  
        13: 1.000000, 0.000000, 0.000000, 0.000000, 0.000000, 1.000000, 0.000000, 0.000000, 0.000000, 0.000000, 1.000000, -0.000000, 0.000000, 0.000000, 0.000000, 1.000000  
        14: 1.000000, 0.000000, 0.000000, 0.000000, 0.000000, 1.000000, 0.000000, 0.000000, 0.000000, 0.000000, 1.000000, -0.000000, 0.000000, 0.000000, 0.000000, 1.000000  
        15: 1.000000, 0.000000, 0.000000, 0.000000, 0.000000, 1.000000, 0.000000, 0.000000, 0.000000, 0.000000, 1.000000, -0.000000, 0.000000, 0.000000, 0.000000, 1.000000  
        16: 1.000000, 0.000000, 0.000000, 0.000000, 0.000000, 1.000000, 0.000000, 0.000000, 0.000000, 0.000000, 1.000000, -0.000000, 0.000000, 0.000000, 0.000000, 1.000000  
        17: 1.000000, 0.000000, 0.000000, 0.000000, 0.000000, 1.000000, 0.000000, 0.000000, 0.000000, 0.000000, 1.000000, -0.000000, 0.000000, 0.000000, 0.000000, 1.000000  
        18: 1.000000, 0.000000, 0.000000, 0.000000, 0.000000, 1.000000, 0.000000, 0.000000, 0.000000, 0.000000, 1.000000, -0.000000, 0.000000, 0.000000, 0.000000, 1.000000  
        19: 1.000000, 0.000000, 0.000000, 0.000000, 0.000000, 1.000000, 0.000000, 0.000000, 0.000000, 0.000000, 1.000000, -0.000000, 0.000000, 0.000000, 0.000000, 1.000000  
        20: 1.000000, 0.000000, 0.000000, 0.000000, 0.000000, 1.000000, 0.000000, 0.000000, 0.000000, 0.000000, 1.000000, -0.000000, 0.000000, 0.000000, 0.000000, 1.000000  
        21: 1.000000, 0.000000, 0.000000, 0.000000, 0.000000, 1.000000, 0.000000, 0.000000, 0.000000, 0.000000, 1.000000, -0.000000, 0.000000, 0.000000, 0.000000, 1.000000  
        22: 1.000000, 0.000000, 0.000000, 0.000000, 0.000000, 1.000000, 0.000000, 0.000000, 0.000000, 0.000000, 1.000000, -0.000000, 0.000000, 0.000000, 0.000000, 1.000000  
        23: 1.000000, 0.000000, 0.000000, 0.000000, 0.000000, 1.000000, 0.000000, 0.000000, 0.000000, 0.000000, 1.000000, -0.000000, 0.000000, 0.000000, 0.000000, 1.000000  
    RightArm:
        0: 1.000000, 0.000000, -0.000000, 0.000000, 0.000000, 1.000000, 0.000000, 0.000000, 0.000000, -0.000000, 1.000000, -0.000000, 0.000000, 0.000000, 0.000000, 1.000000  
        1: 1.000000, 0.000000, -0.000000, 0.000000, 0.000000, 1.000000, 0.000000, 0.000000, 0.000000, -0.000000, 1.000000, -0.000000, 0.000000, 0.000000, 0.000000, 1.000000  
        2: 1.000000, 0.000000, -0.000000, 0.000000, 0.000000, 1.000000, 0.000000, 0.000000, 0.000000, -0.000000, 1.000000, -0.000000, 0.000000, 0.000000, 0.000000, 1.000000  
        3: 1.000000, 0.000000, -0.000000, 0.000000, 0.000000, 1.000000, 0.000000, 0.000000, 0.000000, -0.000000, 1.000000, -0.000000, 0.000000, 0.000000, 0.000000, 1.000000  
        4: 1.000000, 0.000000, -0.000000, 0.000000, 0.000000, 1.000000, 0.000000, 0.000000, 0.000000, -0.000000, 1.000000, -0.000000, 0.000000, 0.000000, 0.000000, 1.000000  
        5: 1.000000, 0.000000, -0.000000, 0.000000, 0.000000, 1.000000, 0.000000, 0.000000, 0.000000, -0.000000, 1.000000, -0.000000, 0.000000, 0.000000, 0.000000, 1.000000  
        6: 1.000000, 0.000000, -0.000000, 0.000000, 0.000000, 1.000000, 0.000000, 0.000000, 0.000000, -0.000000, 1.000000, -0.000000, 0.000000, 0.000000, 0.000000, 1.000000  
        7: 1.000000, 0.000000, -0.000000, 0.000000, 0.000000, 1.000000, 0.000000, 0.000000, 0.000000, -0.000000, 1.000000, -0.000000, 0.000000, 0.000000, 0.000000, 1.000000  
        8: 1.000000, 0.000000, -0.000000, 0.000000, 0.000000, 1.000000, 0.000000, 0.000000, 0.000000, -0.000000, 1.000000, -0.000000, 0.000000, 0.000000, 0.000000, 1.000000  
        9: 1.000000, 0.000000, -0.000000, 0.000000, 0.000000, 1.000000, 0.000000, 0.000000, 0.000000, -0.000000, 1.000000, -0.000000, 0.000000, 0.000000, 0.000000, 1.000000  
        10: 1.000000, 0.000000, -0.000000, 0.000000, 0.000000, 1.000000, 0.000000, 0.000000, 0.000000, -0.000000, 1.000000, -0.000000, 0.000000, 0.000000, 0.000000, 1.000000  
        11: 1.000000, 0.000000, -0.000000, 0.000000, 0.000000, 1.000000, 0.000000, 0.000000, 0.000000, -0.000000, 1.000000, -0.000000, 0.000000, 0.000000, 0.000000, 1.000000  
        12: 1.000000, 0.000000, -0.000000, 0.000000, 0.000000, 1.000000, 0.000000, 0.000000, 0.000000, -0.000000, 1.000000, -0.000000, 0.000000, 0.000000, 0.000000, 1.000000  
        13: 1.000000, 0.000000, -0.000000, 0.000000, 0.000000, 1.000000, 0.000000, 0.000000, 0.000000, -0.000000, 1.000000, -0.000000, 0.000000, 0.000000, 0.000000, 1.000000  
        14: 1.000000, 0.000000, -0.000000, 0.000000, 0.000000, 1.000000, 0.000000, 0.000000, 0.000000, -0.000000, 1.000000, -0.000000, 0.000000, 0.000000, 0.000000, 1.000000  
        15: 1.000000, 0.000000, -0.000000, 0.000000, 0.000000, 1.000000, 0.000000, 0.000000, 0.000000, -0.000000, 1.000000, -0.000000, 0.000000, 0.000000, 0.000000, 1.000000  
        16: 1.000000, 0.000000, -0.000000, 0.000000, 0.000000, 1.000000, 0.000000, 0.000000, 0.000000, -0.000000, 1.000000, -0.000000, 0.000000, 0.000000, 0.000000, 1.000000  
        17: 1.000000, 0.000000, -0.000000, 0.000000, 0.000000, 1.000000, 0.000000, 0.000000, 0.000000, -0.000000, 1.000000, -0.000000, 0.000000, 0.000000, 0.000000, 1.000000  
        18: 1.000000, 0.000000, -0.000000, 0.000000, 0.000000, 1.000000, 0.000000, 0.000000, 0.000000, -0.000000, 1.000000, -0.000000, 0.000000, 0.000000, 0.000000, 1.000000  
        19: 1.000000, 0.000000, -0.000000, 0.000000, 0.000000, 1.000000, 0.000000, 0.000000, 0.000000, -0.000000, 1.000000, -0.000000, 0.000000, 0.000000, 0.000000, 1.000000  
        20: 1.000000, 0.000000, -0.000000, 0.000000, 0.000000, 1.000000, 0.000000, 0.000000, 0.000000, -0.000000, 1.000000, -0.000000, 0.000000, 0.000000, 0.000000, 1.000000  
        21: 1.000000, 0.000000, -0.000000, 0.000000, 0.000000, 1.000000, 0.000000, 0.000000, 0.000000, -0.000000, 1.000000, -0.000000, 0.000000, 0.000000, 0.000000, 1.000000  
        22: 1.000000, 0.000000, -0.000000, 0.000000, 0.000000, 1.000000, 0.000000, 0.000000, 0.000000, -0.000000, 1.000000, -0.000000, 0.000000, 0.000000, 0.000000, 1.000000  
        23: 1.000000, 0.000000, -0.000000, 0.000000, 0.000000, 1.000000, 0.000000, 0.000000, 0.000000, -0.000000, 1.000000, -0.000000, 0.000000, 0.000000, 0.000000, 1.000000  
    LeftArm:
        0: 1.000000, -0.000000, -0.000000, -0.000000, 0.000000, 1.000000, 0.000000, 0.000000, 0.000000, -0.000000, 1.000000, -0.000000, 0.000000, 0.000000, 0.000000, 1.000000  
        1: 1.000000, -0.000000, -0.000000, -0.000000, 0.000000, 1.000000, 0.000000, 0.000000, 0.000000, -0.000000, 1.000000, -0.000000, 0.000000, 0.000000, 0.000000, 1.000000  
        2: 1.000000, -0.000000, -0.000000, -0.000000, 0.000000, 1.000000, 0.000000, 0.000000, 0.000000, -0.000000, 1.000000, -0.000000, 0.000000, 0.000000, 0.000000, 1.000000  
        3: 1.000000, -0.000000, -0.000000, -0.000000, 0.000000, 1.000000, 0.000000, 0.000000, 0.000000, -0.000000, 1.000000, -0.000000, 0.000000, 0.000000, 0.000000, 1.000000  
        4: 1.000000, -0.000000, -0.000000, -0.000000, 0.000000, 1.000000, 0.000000, 0.000000, 0.000000, -0.000000, 1.000000, -0.000000, 0.000000, 0.000000, 0.000000, 1.000000  
        5: 1.000000, -0.000000, -0.000000, -0.000000, 0.000000, 1.000000, 0.000000, 0.000000, 0.000000, -0.000000, 1.000000, -0.000000, 0.000000, 0.000000, 0.000000, 1.000000  
        6: 1.000000, -0.000000, -0.000000, -0.000000, 0.000000, 1.000000, 0.000000, 0.000000, 0.000000, -0.000000, 1.000000, -0.000000, 0.000000, 0.000000, 0.000000, 1.000000  
        7: 1.000000, -0.000000, -0.000000, -0.000000, 0.000000, 1.000000, 0.000000, 0.000000, 0.000000, -0.000000, 1.000000, -0.000000, 0.000000, 0.000000, 0.000000, 1.000000  
        8: 1.000000, -0.000000, -0.000000, -0.000000, 0.000000, 1.000000, 0.000000, 0.000000, 0.000000, -0.000000, 1.000000, -0.000000, 0.000000, 0.000000, 0.000000, 1.000000  
        9: 1.000000, -0.000000, -0.000000, -0.000000, 0.000000, 1.000000, 0.000000, 0.000000, 0.000000, -0.000000, 1.000000, -0.000000, 0.000000, 0.000000, 0.000000, 1.000000  
        10: 1.000000, -0.000000, -0.000000, -0.000000, 0.000000, 1.000000, 0.000000, 0.000000, 0.000000, -0.000000, 1.000000, -0.000000, 0.000000, 0.000000, 0.000000, 1.000000  
        11: 1.000000, -0.000000, -0.000000, -0.000000, 0.000000, 1.000000, 0.000000, 0.000000, 0.000000, -0.000000, 1.000000, -0.000000, 0.000000, 0.000000, 0.000000, 1.000000  
        12: 1.000000, -0.000000, -0.000000, -0.000000, 0.000000, 1.000000, 0.000000, 0.000000, 0.000000, -0.000000, 1.000000, -0.000000, 0.000000, 0.000000, 0.000000, 1.000000  
        13: 1.000000, -0.000000, -0.000000, -0.000000, 0.000000, 1.000000, 0.000000, 0.000000, 0.000000, -0.000000, 1.000000, -0.000000, 0.000000, 0.000000, 0.000000, 1.000000  
        14: 1.000000, -0.000000, -0.000000, -0.000000, 0.000000, 1.000000, 0.000000, 0.000000, 0.000000, -0.000000, 1.000000, -0.000000, 0.000000, 0.000000, 0.000000, 1.000000  
        15: 1.000000, -0.000000, -0.000000, -0.000000, 0.000000, 1.000000, 0.000000, 0.000000, 0.000000, -0.000000, 1.000000, -0.000000, 0.000000, 0.000000, 0.000000, 1.000000  
        16: 1.000000, -0.000000, -0.000000, -0.000000, 0.000000, 1.000000, 0.000000, 0.000000, 0.000000, -0.000000, 1.000000, -0.000000, 0.000000, 0.000000, 0.000000, 1.000000  
        17: 1.000000, -0.000000, -0.000000, -0.000000, 0.000000, 1.000000, 0.000000, 0.000000, 0.000000, -0.000000, 1.000000, -0.000000, 0.000000, 0.000000, 0.000000, 1.000000  
        18: 1.000000, -0.000000, -0.000000, -0.000000, 0.000000, 1.000000, 0.000000, 0.000000, 0.000000, -0.000000, 1.000000, -0.000000, 0.000000, 0.000000, 0.000000, 1.000000  
        19: 1.000000, -0.000000, -0.000000, -0.000000, 0.000000, 1.000000, 0.000000, 0.000000, 0.000000, -0.000000, 1.000000, -0.000000, 0.000000, 0.000000, 0.000000, 1.000000  
        20: 1.000000, -0.000000, -0.000000, -0.000000, 0.000000, 1.000000, 0.000000, 0.000000, 0.000000, -0.000000, 1.000000, -0.000000, 0.000000, 0.000000, 0.000000, 1.000000  
        21: 1.000000, -0.000000, -0.000000, -0.000000, 0.000000, 1.000000, 0.000000, 0.000000, 0.000000, -0.000000, 1.000000, -0.000000, 0.000000, 0.000000, 0.000000, 1.000000  
        22: 1.000000, -0.000000, -0.000000, -0.000000, 0.000000, 1.000000, 0.000000, 0.000000, 0.000000, -0.000000, 1.000000, -0.000000, 0.000000, 0.000000, 0.000000, 1.000000  
        23: 1.000000, -0.000000, -0.000000, -0.000000, 0.000000, 1.000000, 0.000000, 0.000000, 0.000000, -0.000000, 1.000000, -0.000000, 0.000000, 0.000000, 0.000000, 1.000000  
    Head:
        0: 1.000000, -0.000000, 0.000000, 0.000000, -0.000000, 1.000000, -0.000000, -0.000000, -0.000000, -0.000000, 1.000000, -0.000000, 0.000000, 0.000000, 0.000000, 1.000000  
        1: 1.000000, -0.000000, 0.000000, 0.000000, -0.000000, 1.000000, -0.000000, -0.000000, -0.000000, -0.000000, 1.000000, -0.000000, 0.000000, 0.000000, 0.000000, 1.000000  
        2: 1.000000, -0.000000, 0.000000, 0.000000, -0.000000, 1.000000, -0.000000, -0.000000, -0.000000, -0.000000, 1.000000, -0.000000, 0.000000, 0.000000, 0.000000, 1.000000  
        3: 1.000000, -0.000000, 0.000000, 0.000000, -0.000000, 1.000000, -0.000000, -0.000000, -0.000000, -0.000000, 1.000000, -0.000000, 0.000000, 0.000000, 0.000000, 1.000000  
        4: 1.000000, -0.000000, 0.000000, 0.000000, -0.000000, 1.000000, -0.000000, -0.000000, -0.000000, -0.000000, 1.000000, -0.000000, 0.000000, 0.000000, 0.000000, 1.000000  
        5: 1.000000, -0.000000, 0.000000, 0.000000, -0.000000, 1.000000, -0.000000, -0.000000, -0.000000, -0.000000, 1.000000, -0.000000, 0.000000, 0.000000, 0.000000, 1.000000  
        6: 1.000000, -0.000000, 0.000000, 0.000000, -0.000000, 1.000000, -0.000000, -0.000000, -0.000000, -0.000000, 1.000000, -0.000000, 0.000000, 0.000000, 0.000000, 1.000000  
        7: 1.000000, -0.000000, 0.000000, 0.000000, -0.000000, 1.000000, -0.000000, -0.000000, -0.000000, -0.000000, 1.000000, -0.000000, 0.000000, 0.000000, 0.000000, 1.000000  
        8: 1.000000, -0.000000, 0.000000, 0.000000, -0.000000, 1.000000, -0.000000, -0.000000, -0.000000, -0.000000, 1.000000, -0.000000, 0.000000, 0.000000, 0.000000, 1.000000  
        9: 1.000000, -0.000000, 0.000000, 0.000000, -0.000000, 1.000000, -0.000000, -0.000000, -0.000000, -0.000000, 1.000000, -0.000000, 0.000000, 0.000000, 0.000000, 1.000000  
        10: 1.000000, -0.000000, 0.000000, 0.000000, -0.000000, 1.000000, -0.000000, -0.000000, -0.000000, -0.000000, 1.000000, -0.000000, 0.000000, 0.000000, 0.000000, 1.000000  
        11: 1.000000, -0.000000, 0.000000, 0.000000, -0.000000, 1.000000, -0.000000, -0.000000, -0.000000, -0.000000, 1.000000, -0.000000, 0.000000, 0.000000, 0.000000, 1.000000  
        12: 1.000000, -0.000000, 0.000000, 0.000000, -0.000000, 1.000000, -0.000000, -0.000000, -0.000000, -0.000000, 1.000000, -0.000000, 0.000000, 0.000000, 0.000000, 1.000000  
        13: 1.000000, -0.000000, 0.000000, 0.000000, -0.000000, 1.000000, -0.000000, -0.000000, -0.000000, -0.000000, 1.000000, -0.000000, 0.000000, 0.000000, 0.000000, 1.000000  
        14: 1.000000, -0.000000, 0.000000, 0.000000, -0.000000, 1.000000, -0.000000, -0.000000, -0.000000, -0.000000, 1.000000, -0.000000, 0.000000, 0.000000, 0.000000, 1.000000  
        15: 1.000000, -0.000000, 0.000000, 0.000000, -0.000000, 1.000000, -0.000000, -0.000000, -0.000000, -0.000000, 1.000000, -0.000000, 0.000000, 0.000000, 0.000000, 1.000000  
        16: 1.000000, -0.000000, 0.000000, 0.000000, -0.000000, 1.000000, -0.000000, -0.000000, -0.000000, -0.000000, 1.000000, -0.000000, 0.000000, 0.000000, 0.000000, 1.000000  
        17: 1.000000, -0.000000, 0.000000, 0.000000, -0.000000, 1.000000, -0.000000, -0.000000, -0.000000, -0.000000, 1.000000, -0.000000, 0.000000, 0.000000, 0.000000, 1.000000  
        18: 1.000000, -0.000000, 0.000000, 0.000000, -0.000000, 1.000000, -0.000000, -0.000000, -0.000000, -0.000000, 1.000000, -0.000000, 0.000000, 0.000000, 0.000000, 1.000000  
        19: 1.000000, -0.000000, 0.000000, 0.000000, -0.000000, 1.000000, -0.000000, -0.000000, -0.000000, -0.000000, 1.000000, -0.000000, 0.000000, 0.000000, 0.000000, 1.000000  
        20: 1.000000, -0.000000, 0.000000, 0.000000, -0.000000, 1.000000, -0.000000, -0.000000, -0.000000, -0.000000, 1.000000, -0.000000, 0.000000, 0.000000, 0.000000, 1.000000  
        21: 1.000000, -0.000000, 0.000000, 0.000000, -0.000000, 1.000000, -0.000000, -0.000000, -0.000000, -0.000000, 1.000000, -0.000000, 0.000000, 0.000000, 0.000000, 1.000000  
        22: 1.000000, -0.000000, 0.000000, 0.000000, -0.000000, 1.000000, -0.000000, -0.000000, -0.000000, -0.000000, 1.000000, -0.000000, 0.000000, 0.000000, 0.000000, 1.000000  
        23: 1.000000, -0.000000, 0.000000, 0.000000, -0.000000, 1.000000, -0.000000, -0.000000, -0.000000, -0.000000, 1.000000, -0.000000, 0.000000, 0.000000, 0.000000, 1.000000  
    LeftLeg:
        0: 1.000000, 0.000000, -0.000000, 0.000000, 0.000000, 1.000000, -0.000000, -0.000000, 0.000000, -0.000000, 1.000000, -0.000000, 0.000000, 0.000000, 0.000000, 1.000000  
        1: 1.000000, 0.000000, -0.000000, 0.000000, -0.000000, 0.999870, -0.016139, 0.011297, 0.000000, 0.016139, 0.999870, 0.000091, 0.000000, 0.000000, 0.000000, 1.000000  
        2: 1.000000, -0.000000, -0.000000, 0.000000, -0.000000, 0.998005, -0.063140, 0.044198, 0.000000, 0.063140, 0.998005, 0.001397, 0.000000, 0.000000, 0.000000, 1.000000  
        3: 1.000000, -0.000000, -0.000000, 0.000000, -0.000000, 0.991443, -0.130541, 0.091379, 0.000000, 0.130541, 0.991443, 0.005990, 0.000000, 0.000000, 0.000000, 1.000000  
        4: 1.000000, -0.000000, -0.000000, 0.000000, -0.000000, 0.980336, -0.197335, 0.138134, 0.000000, 0.197335, 0.980336, 0.013765, 0.000000, 0.000000, 0.000000, 1.000000  
        5: 1.000000, -0.000000, -0.000000, 0.000000, -0.000000, 0.969975, -0.243203, 0.170242, 0.000000, 0.243203, 0.969975, 0.021017, 0.000000, 0.000000, 0.000000, 1.000000  
        6: 1.000000, 0.000000, 0.000000, 0.000000, -0.000000, 0.965926, -0.258819, 0.181173, -0.000000, 0.258819, 0.965926, 0.023852, 0.000000, 0.000000, 0.000000, 1.000000  
        7: 1.000000, 0.000000, 0.000000, -0.000000, 0.000000, 0.967800, -0.251720, 0.176204, -0.000000, 0.251720, 0.967800, 0.022540, 0.000000, 0.000000, 0.000000, 1.000000  
        8: 1.000000, 0.000000, 0.000000, -0.000000, 0.000000, 0.973620, -0.228177, 0.159724, -0.000000, 0.228177, 0.973620, 0.018466, 0.000000, 0.000000, 0.000000, 1.000000  
        9: 1.000000, 0.000000, 0.000000, -0.000000, 0.000000, 0.982422, -0.186672, 0.130670, -0.000000, 0.186672, 0.982422, 0.012304, 0.000000, 0.000000, 0.000000, 1.000000  
        10: 1.000000, 0.000000, 0.000000, -0.000000, 0.000000, 0.991482, -0.130244, 0.091171, -0.000000, 0.130244, 0.991482, 0.005963, 0.000000, 0.000000, 0.000000, 1.000000  
        11: 1.000000, 0.000000, -0.000000, 0.000000, -0.000000, 0.997833, -0.065793, 0.046055, 0.000000, 0.065793, 0.997833, 0.001517, 0.000000, 0.000000, 0.000000, 1.000000  
        12: 1.000000, 0.000000, -0.000000, 0.000000, 0.000000, 1.000000, -0.000000, -0.000000, 0.000000, -0.000000, 1.000000, -0.000000, 0.000000, 0.000000, 0.000000, 1.000000  
        13: 1.000000, -0.000000, 0.000000, -0.000000, -0.000000, 0.996655, 0.081727, -0.057209, -0.000000, -0.081727, 0.996655, 0.002342, 0.000000, 0.000000, 0.000000, 1.000000  
        14: 1.000000, -0.000000, 0.000000, -0.000000, -0.000000, 0.981331, 0.192328, -0.134630, -0.000000, -0.192328, 0.981331, 0.013068, 0.000000, 0.000000, 0.000000, 1.000000  
        15: 1.000000, -0.000000, 0.000000, -0.000000, -0.000000, 0.949675, 0.313236, -0.219265, -0.000000, -0.313236, 0.949675, 0.035227, 0.000000, 0.000000, 0.000000, 1.000000  
        16: 1.000000, -0.000000, 0.000000, -0.000000, -0.000000, 0.909421, 0.415877, -0.291114, -0.000000, -0.415877, 0.909421, 0.063406, 0.000000, 0.000000, 0.000000, 1.000000  
        17: 1.000000, 0.000000, -0.000000, 0.000000, 0.000000, 0.877505, 0.479567, -0.335697, 0.000000, -0.479567, 0.877505, 0.085746, 0.000000, 0.000000, 0.000000, 1.000000  
        18: 1.000000, 0.000000, 0.000000, 0.000000, -0.000000, 0.866025, 0.500000, -0.350000, -0.000000, -0.500000, 0.866025, 0.093782, 0.000000, 0.000000, 0.000000, 1.000000  
        19: 1.000000, -0.000000, 0.000000, -0.000000, -0.000000, 0.881595, 0.472007, -0.330405, -0.000000, -0.472007, 0.881595, 0.082884, 0.000000, 0.000000, 0.000000, 1.000000  
        20: 1.000000, -0.000000, 0.000000, -0.000000, -0.000000, 0.921937, 0.387339, -0.271138, -0.000000, -0.387339, 0.921937, 0.054644, 0.000000, 0.000000, 0.000000, 1.000000  
        21: 1.000000, -0.000000, 0.000000, -0.000000, -0.000000, 0.965896, 0.258931, -0.181251, -0.000000, -0.258931, 0.965896, 0.023873, 0.000000, 0.000000, 0.000000, 1.000000  
        22: 1.000000, -0.000000, 0.000000, -0.000000, -0.000000, 0.992070, 0.125690, -0.087983, -0.000000, -0.125690, 0.992070, 0.005551, 0.000000, 0.000000, 0.000000, 1.000000  
        23: 1.000000, -0.000000, 0.000000, -0.000000, -0.000000, 0.999485, 0.032080, -0.022456, -0.000000, -0.032080, 0.999485, 0.000360, 0.000000, 0.000000, 0.000000, 1.000000  
    RightLeg:
        0: 1.000000, 0.000000, -0.000000, 0.000000, 0.000000, 1.000000, -0.000000, 0.000000, 0.000000, -0.000000, 1.000000, -0.000000, 0.000000, 0.000000, 0.000000, 1.000000  
        1: 1.000000, -0.000000, 0.000000, -0.000000, -0.000000, 0.999485, 0.032080, -0.022456, -0.000000, -0.032080, 0.999485, 0.000360, 0.000000, 0.000000, 0.000000, 1.000000  
        2: 1.000000, -0.000000, 0.000000, -0.000000, -0.000000, 0.992070, 0.125690, -0.087983, -0.000000, -0.125690, 0.992070, 0.005551, 0.000000, 0.000000, 0.000000, 1.000000  
        3: 1.000000, -0.000000, 0.000000, -0.000000, -0.000000, 0.965896, 0.258931, -0.181251, -0.000000, -0.258931, 0.965896, 0.023873, 0.000000, 0.000000, 0.000000, 1.000000  
        4: 1.000000, -0.000000, 0.000000, -0.000000, -0.000000, 0.921937, 0.387339, -0.271138, -0.000000, -0.387339, 0.921937, 0.054644, 0.000000, 0.000000, 0.000000, 1.000000  
        5: 1.000000, -0.000000, 0.000000, -0.000000, -0.000000, 0.881595, 0.472007, -0.330405, -0.000000, -0.472007, 0.881595, 0.082884, 0.000000, 0.000000, 0.000000, 1.000000  
        6: 1.000000, 0.000000, 0.000000, 0.000000, -0.000000, 0.866025, 0.500000, -0.350000, -0.000000, -0.500000, 0.866025, 0.093782, 0.000000, 0.000000, 0.000000, 1.000000  
        7: 1.000000, 0.000000, -0.000000, 0.000000, 0.000000, 0.877491, 0.479592, -0.335715, 0.000000, -0.479592, 0.877491, 0.085756, 0.000000, 0.000000, 0.000000, 1.000000  
        8: 1.000000, -0.000000, 0.000000, -0.000000, -0.000000, 0.909377, 0.415972, -0.291180, -0.000000, -0.415972, 0.909377, 0.063436, 0.000000, 0.000000, 0.000000, 1.000000  
        9: 1.000000, -0.000000, 0.000000, -0.000000, -0.000000, 0.949616, 0.313415, -0.219391, -0.000000, -0.313415, 0.949616, 0.035269, 0.000000, 0.000000, 0.000000, 1.000000  
        10: 1.000000, -0.000000, 0.000000, -0.000000, -0.000000, 0.981287, 0.192549, -0.134784, -0.000000, -0.192549, 0.981287, 0.013099, 0.000000, 0.000000, 0.000000, 1.000000  
        11: 1.000000, -0.000000, 0.000000, -0.000000, -0.000000, 0.996641, 0.081893, -0.057325, -0.000000, -0.081893, 0.996641, 0.002351, 0.000000, 0.000000, 0.000000, 1.000000  
        12: 1.000000, 0.000000, -0.000000, 0.000000, 0.000000, 1.000000, -0.000000, 0.000000, 0.000000, -0.000000, 1.000000, -0.000000, 0.000000, 0.000000, 0.000000, 1.000000  
        13: 1.000000, 0.000000, -0.000000, 0.000000, 0.000000, 0.997812, -0.066119, 0.046284, 0.000000, 0.066119, 0.997812, 0.001532, 0.000000, 0.000000, 0.000000, 1.000000  
        14: 1.000000, 0.000000, 0.000000, -0.000000, 0.000000, 0.991370, -0.131094, 0.091766, -0.000000, 0.131094, 0.991370, 0.006041, 0.000000, 0.000000, 0.000000, 1.000000  
        15: 1.000000, 0.000000, 0.000000, -0.000000, 0.000000, 0.982141, -0.188145, 0.131702, -0.000000, 0.188145, 0.982141, 0.012501, 0.000000, 0.000000, 0.000000, 1.000000  
        16: 1.000000, 0.000000, 0.000000, -0.000000, 0.000000, 0.973140, -0.230215, 0.161151, -0.000000, 0.230215, 0.973140, 0.018802, 0.000000, 0.000000, 0.000000, 1.000000  
        17: 1.000000, 0.000000, 0.000000, -0.000000, 0.000000, 0.967170, -0.254130, 0.177891, -0.000000, 0.254130, 0.967170, 0.022981, 0.000000, 0.000000, 0.000000, 1.000000  
        18: 1.000000, 0.000000, -0.000000, 0.000000, 0.000000, 0.965244, -0.261352, 0.182946, 0.000000, 0.261352, 0.965244, 0.024329, 0.000000, 0.000000, 0.000000, 1.000000  
        19: 1.000000, -0.000000, -0.000000, 0.000000, -0.000000, 0.969374, -0.245590, 0.171913, 0.000000, 0.245590, 0.969374, 0.021438, 0.000000, 0.000000, 0.000000, 1.000000  
        20: 1.000000, -0.000000, -0.000000, 0.000000, -0.000000, 0.979941, -0.199287, 0.139501, 0.000000, 0.199287, 0.979941, 0.014041, 0.000000, 0.000000, 0.000000, 1.000000  
        21: 1.000000, -0.000000, -0.000000, 0.000000, -0.000000, 0.991271, -0.131842, 0.092289, 0.000000, 0.131842, 0.991271, 0.006110, 0.000000, 0.000000, 0.000000, 1.000000  
        22: 1.000000, -0.000000, -0.000000, 0.000000, -0.000000, 0.997965, -0.063771, 0.044640, 0.000000, 0.063771, 0.997965, 0.001425, 0.000000, 0.000000, 0.000000, 1.000000  
        23: 1.000000, -0.000000, -0.000000, 0.000000, -0.000000, 0.999867, -0.016300, 0.011410, 0.000000, 0.016300, 0.999867, 0.000093, 0.000000, 0.000000, 0.000000, 1.000000  
