Skeleton: skeleton://Spout/entities/Spouty/spouty.ske
frames: 7
delay: 0.041667
bones_data:
    Door:
        0: 1.000000, 0.000000, 0.000000, -0.000000, 0.000000, 1.000000, 0.000000, 0.000000, 0.000000, 0.000000, 1.000000, 0.000000, 0.000000, 0.000000, 0.000000, 1.000000  
        1: 0.999916, 0.000000, -0.012985, 0.001225, -0.000000, 1.000000, -0.000000, 0.000000, 0.012985, 0.000000, 0.999916, -0.001209, 0.000000, 0.000000, 0.000000, 1.000000  
        2: 0.994096, 0.000000, -0.108509, 0.010726, -0.000000, 1.000000, 0.000000, 0.000000, 0.108509, 0.000000, 0.994096, -0.009619, 0.000000, 0.000000, 0.000000, 1.000000  
        3: 0.916222, 0.000000, -0.400672, 0.045417, -0.000000, 1.000000, 0.000000, 0.000000, 0.400672, 0.000000, 0.916222, -0.029709, 0.000000, 0.000000, 0.000000, 1.000000  
        4: 0.571347, 0.000000, -0.820708, 0.117128, -0.000000, 1.000000, 0.000000, 0.000000, 0.820708, 0.000000, 0.571347, -0.036755, 0.000000, 0.000000, 0.000000, 1.000000  
        5: 0.149360, 0.000000, -0.988783, 0.172446, -0.000000, 1.000000, 0.000000, 0.000000, 0.988783, 0.000000, 0.149360, -0.012951, 0.000000, 0.000000, 0.000000, 1.000000  
        6: 0.000000, 0.000000, -1.000000, 0.187500, -0.000000, 1.000000, 0.000000, 0.000000, 1.000000, 0.000000, 0.000000, -0.000000, 0.000000, 0.000000, 0.000000, 1.000000  
