Skeleton: skeleton://Spout/entities/Spouty/spouty.ske
frames: 7
delay: 0.041667
bones_data:
    Door:
        16: 0.000000, 0.000000, -1.000000, 0.187500, -0.000000, 1.000000, 0.000000, 0.000000, 1.000000, 0.000000, 0.000000, -0.000000, 0.000000, 0.000000, 0.000000, 1.000000  
        17: 0.027996, 0.000000, -0.999608, 0.184839, -0.000000, 1.000000, 0.000000, 0.000000, 0.999608, 0.000000, 0.027996, -0.002588, 0.000000, 0.000000, 0.000000, 1.000000  
        18: 0.159572, 0.000000, -0.987186, 0.171339, -0.000000, 1.000000, 0.000000, 0.000000, 0.987186, 0.000000, 0.159572, -0.013759, 0.000000, 0.000000, 0.000000, 1.000000  
        19: 0.466439, 0.000000, -0.884553, 0.132948, -0.000000, 1.000000, 0.000000, 0.000000, 0.884553, 0.000000, 0.466439, -0.032906, 0.000000, 0.000000, 0.000000, 1.000000  
        20: 0.848547, 0.000000, -0.529120, 0.063804, -0.000000, 1.000000, 0.000000, 0.000000, 0.529120, 0.000000, 0.848547, -0.035406, 0.000000, 0.000000, 0.000000, 1.000000  
        21: 0.990672, 0.000000, -0.136270, 0.013650, -0.000000, 1.000000, 0.000000, 0.000000, 0.136270, 0.000000, 0.990672, -0.011901, 0.000000, 0.000000, 0.000000, 1.000000  
        22: 1.000000, 0.000000, 0.000000, -0.000000, 0.000000, 1.000000, 0.000000, 0.000000, 0.000000, 0.000000, 1.000000, 0.000000, 0.000000, 0.000000, 0.000000, 1.000000  
